
BASEML (in paml version 4.7, January 2013)  gene17_ss0.phy  K80 dGamma (ncatG=8)
Frequencies..
                                    T      C      A      G
C6                             0.25250 0.24200 0.25450 0.25100
C5                             0.25400 0.24250 0.26050 0.24300
C4                             0.25250 0.24300 0.25250 0.25200
C3                             0.25150 0.24550 0.25300 0.25000
C2                             0.25050 0.25000 0.24950 0.25000
C1                             0.25000 0.24250 0.25650 0.25100
B6                             0.24550 0.24400 0.25000 0.26050
B5                             0.24600 0.24550 0.25450 0.25400
B4                             0.25250 0.24450 0.25100 0.25200
B3                             0.24750 0.24300 0.25200 0.25750
B2                             0.24700 0.24700 0.25300 0.25300
B1                             0.24450 0.24800 0.25200 0.25550
A2                             0.25400 0.24550 0.25100 0.24950
A1                             0.25500 0.24450 0.24900 0.25150
Out2                           0.25500 0.24450 0.24900 0.25150
Out1                           0.26450 0.25800 0.23800 0.23950
Out3                           0.25650 0.23450 0.25300 0.25600
Out4                           0.27050 0.22600 0.25400 0.24950

Homogeneity statistic: X2 = 0.00858 G = 0.00859 

Average                        0.25275 0.24392 0.25183 0.25150

# constant sites:    867 (43.35%)
ln Lmax (unconstrained) = -10199.184526

Distances:  K80 (kappa)  (alpha set at 0.50)
This matrix is not used in later m.l. analysis.

C6               
C5                 0.4442( 1.1590)
C4                 0.2477( 1.0393)  0.2655( 1.2569)
C3                 0.2488( 1.0326)  0.2637( 1.4322)  0.0518( 0.8816)
C2                 0.2619( 0.9377)  0.2676( 1.1576)  0.0574( 0.7606)  0.0580( 0.9217)
C1                 0.4507( 1.1351)  0.4316( 1.2082)  0.2575( 0.9251)  0.2575( 1.0984)  0.2553( 0.9371)
B6                 0.2870( 0.9878)  0.2906( 1.1395)  0.0819( 0.8587)  0.0846( 0.9179)  0.0826( 0.6903)  0.2858( 1.0880)
B5                 0.2789( 1.0888)  0.2899( 1.3778)  0.0819( 1.0757)  0.0866( 0.9882)  0.0893( 0.9100)  0.2940( 1.0245)  0.0543( 1.2962)
B4                 0.2675( 1.0190)  0.2813( 1.2159)  0.0859( 1.1107)  0.0893( 1.1200)  0.0839( 0.8282)  0.2907( 1.1997)  0.0512( 1.1682)  0.0573( 1.1887)
B3                 0.2847( 1.1142)  0.2919( 1.2336)  0.0852( 0.9071)  0.0873( 0.9422)  0.0880( 0.7419)  0.2846( 1.0753)  0.0464( 1.1620)  0.0555( 1.2512)  0.0536( 1.0878)
B2                 0.2686( 1.0317)  0.2835( 1.0436)  0.0766( 0.7716)  0.0772( 0.8295)  0.0792( 0.7338)  0.2731( 1.0830)  0.0417( 1.1548)  0.0494( 0.9461)  0.0470( 0.9624)  0.0452( 0.9046)
B1                 0.2800( 0.9877)  0.2931( 1.2470)  0.0799( 0.6633)  0.0846( 0.8508)  0.0833( 0.7120)  0.2846( 1.0373)  0.0453( 1.5020)  0.0530( 1.1070)  0.0524( 1.1268)  0.0458( 1.1213)  0.0411( 0.8575)
A2                 0.2777( 1.0760)  0.2930( 1.1655)  0.0839( 1.0000)  0.0873( 1.2400)  0.0880( 0.8024)  0.2952( 1.0368)  0.0778( 1.0000)  0.0832( 1.2073)  0.0812( 0.9392)  0.0819( 1.0000)  0.0720( 0.8087)  0.0785( 0.9500)
A1                 0.2835( 1.1407)  0.2906( 1.1794)  0.0819( 1.1550)  0.0846( 1.2184)  0.0887( 0.8877)  0.2882( 1.0750)  0.0732( 0.9735)  0.0819( 1.1550)  0.0819( 1.0374)  0.0798( 1.0000)  0.0706( 0.8307)  0.0779( 0.8536)  0.0241( 1.3000)
Out2               0.8901( 0.8109)  0.8603( 1.2781)  0.6831( 0.9793)  0.7096( 0.9845)  0.7323( 1.0958)  0.8563( 0.8495)  0.6999( 0.9588)  0.7097( 1.0634)  0.7297( 0.9136)  0.7171( 1.0314)  0.7025( 1.1123)  0.7098( 0.9086)  0.7024( 0.9086)  0.6671( 0.8498)
Out1               0.9143( 1.0745)  0.9174( 0.9896)  0.6831( 0.9793)  0.7249( 0.8645)  0.7146( 1.0209)  0.8330( 0.8305)  0.6978( 0.8596)  0.6810( 0.8789)  0.7048( 0.9335)  0.7023( 1.0000)  0.6740( 0.8643)  0.7006( 0.8119)  0.7127( 0.8309)  0.6978( 0.8596)  0.4588( 1.0887)
Out3               0.9401( 1.0158)  0.8443( 1.1345)  0.6951( 0.9537)  0.7097( 0.9386)  0.7272( 1.0903)  0.8441( 1.1014)  0.7033( 0.7792)  0.6724( 0.7698)  0.7006( 0.8119)  0.6811( 0.8643)  0.6833( 0.8888)  0.6929( 0.8839)  0.6950( 1.0157)  0.6691( 0.9334)  0.8987( 1.1017)  0.9068( 1.5096)
Out4               0.9352( 0.7727)  0.9112( 1.0963)  0.7321( 0.9691)  0.7659( 1.0580)  0.7606( 0.9589)  0.8541( 0.7832)  0.7505( 0.8597)  0.7449( 0.9896)  0.7400( 0.8938)  0.7171( 0.9691)  0.7399( 0.9236)  0.7457( 0.8120)  0.7351( 0.8597)  0.7096( 0.9691)  0.9337( 1.0746)  0.8781( 1.2430)  0.4177( 0.7966)

TREE #  1:  ((15, 16), (((1, 2, 3, 4, 5, 6), (7, 8, 9, 10, 11, 12), (14, 13)), (17, 18)));  MP score: 3236.00
lnL(ntime: 25  np: 27): -15505.568475    +0.000000
  19..20   20..15   20..16   19..21   21..22   22..23   23..1    23..2    23..3    23..4    23..5    23..6    22..24   24..7    24..8    24..9    24..10   24..11   24..12   22..25   25..14   25..13   21..26   26..17   26..18 
 0.136417 0.237926 0.237854 0.118106 0.227844 0.016271 0.221790 0.235717 0.026652 0.027294 0.030026 0.228646 0.014226 0.023406 0.029953 0.028068 0.023769 0.019380 0.023059 0.028358 0.011660 0.012153 0.279937 0.205899 0.226917 1.020772 0.431104

tree length =   2.67133

((Out2, Out1), (((C6, C5, C4, C3, C2, C1), (B6, B5, B4, B3, B2, B1), (A1, A2)), (Out3, Out4)));

((Out2: 0.23793, Out1: 0.23785): 0.13642, (((C6: 0.22179, C5: 0.23572, C4: 0.02665, C3: 0.02729, C2: 0.03003, C1: 0.22865): 0.01627, (B6: 0.02341, B5: 0.02995, B4: 0.02807, B3: 0.02377, B2: 0.01938, B1: 0.02306): 0.01423, (A1: 0.01166, A2: 0.01215): 0.02836): 0.22784, (Out3: 0.20590, Out4: 0.22692): 0.27994): 0.11811);

Detailed output identifying parameters

Parameters (kappa) in the rate matrix (K80) (Yang 1994 J Mol Evol 39:105-111):
  1.02077

alpha (gamma, K=8) =  0.43110
rate:   0.00425  0.03864  0.12530  0.28387  0.54641  0.97931  1.76552  4.25670
freq:   0.12500  0.12500  0.12500  0.12500  0.12500  0.12500  0.12500  0.12500

