
BASEML (in paml version 4.7, January 2013)  gene10_ss0.phy  K80 dGamma (ncatG=8)
Frequencies..
                                    T      C      A      G
C6                             0.24700 0.23750 0.26850 0.24700
C5                             0.25050 0.23500 0.26200 0.25250
C4                             0.24550 0.23800 0.26550 0.25100
C3                             0.25300 0.23650 0.26000 0.25050
C2                             0.25400 0.23650 0.26400 0.24550
C1                             0.24400 0.23850 0.26600 0.25150
B6                             0.24550 0.24300 0.26400 0.24750
B5                             0.25250 0.24300 0.26400 0.24050
B4                             0.24900 0.24250 0.26200 0.24650
B3                             0.25050 0.24150 0.26300 0.24500
B2                             0.24700 0.24250 0.27050 0.24000
B1                             0.24950 0.24250 0.26500 0.24300
A2                             0.25250 0.24250 0.25950 0.24550
A1                             0.25600 0.23950 0.26200 0.24250
Out2                           0.25000 0.23250 0.26450 0.25300
Out1                           0.25050 0.24750 0.25350 0.24850
Out3                           0.25050 0.24000 0.26450 0.24500
Out4                           0.25550 0.24850 0.25000 0.24600

Homogeneity statistic: X2 = 0.00455 G = 0.00456 

Average                        0.25017 0.24042 0.26269 0.24672

# constant sites:    886 (44.30%)
ln Lmax (unconstrained) = -10214.691381

Distances:  K80 (kappa)  (alpha set at 0.50)
This matrix is not used in later m.l. analysis.

C6               
C5                 0.2630( 1.0644)
C4                 0.2954( 0.8600)  0.5256( 0.8866)
C3                 0.2823( 0.9755)  0.5054( 1.0541)  0.5114( 0.7792)
C2                 0.0500( 0.6469)  0.2835( 1.0248)  0.2941( 0.9520)  0.2917( 1.0000)
C1                 0.2575( 0.9251)  0.4654( 0.9678)  0.4949( 0.8657)  0.4672( 0.8848)  0.2742( 0.9630)
B6                 0.0681( 1.0000)  0.2976( 1.0244)  0.3124( 1.1360)  0.3136( 1.0729)  0.0805( 0.9509)  0.2765( 0.9510)
B5                 0.0662( 0.6871)  0.2976( 0.9879)  0.3098( 1.0000)  0.3210( 1.0000)  0.0772( 0.7619)  0.2905( 0.9518)  0.0476( 0.7891)
B4                 0.0604( 1.0000)  0.2966( 1.1648)  0.3037( 0.9409)  0.3073( 0.9762)  0.0726( 0.9470)  0.2777( 1.0376)  0.0417( 1.2260)  0.0399( 0.8344)
B3                 0.0674( 0.9303)  0.2965( 1.0679)  0.3136( 0.8792)  0.3198( 0.9707)  0.0826( 0.7831)  0.2743( 0.9448)  0.0506( 1.0180)  0.0476( 0.8391)  0.0417( 1.0212)
B2                 0.0611( 0.8532)  0.2905( 1.0621)  0.3025( 1.0000)  0.3185( 0.9765)  0.0739( 0.9222)  0.2743( 0.8913)  0.0458( 1.0000)  0.0452( 0.9611)  0.0370( 1.3075)  0.0464( 1.2271)
B1                 0.0693( 0.9317)  0.3001( 1.1056)  0.3138( 0.8138)  0.3149( 1.1420)  0.0805( 0.8457)  0.2894( 1.1463)  0.0494( 0.9461)  0.0482( 0.7750)  0.0393( 0.9780)  0.0482( 0.8240)  0.0470( 1.0192)
A2                 0.0707( 0.6898)  0.3037( 0.9940)  0.2964( 0.9939)  0.3074( 1.0302)  0.0832( 0.7425)  0.2977( 0.9346)  0.0772( 0.8645)  0.0733( 0.6542)  0.0681( 0.7283)  0.0740( 0.6457)  0.0700( 0.7335)  0.0733( 0.8230)
A1                 0.0745( 0.9480)  0.3123( 1.0240)  0.3049( 0.9526)  0.3210( 1.0000)  0.0846( 0.8840)  0.2965( 1.1254)  0.0792( 1.2155)  0.0739( 0.8481)  0.0706( 1.0278)  0.0772( 0.9369)  0.0726( 0.9470)  0.0765( 1.0661)  0.0247( 1.2536)
Out2               0.7128( 1.2077)  0.9271( 0.9586)  0.9174( 1.0210)  0.9110( 1.0000)  0.7148( 1.1177)  0.8549( 1.3260)  0.7347( 1.0420)  0.7632( 1.0000)  0.7372( 1.0209)  0.7246( 0.9538)  0.7372( 0.9589)  0.7658( 0.9948)  0.6783( 1.0052)  0.7101( 1.1623)
Out1               0.7415( 1.3194)  0.9111( 0.9535)  0.9440( 1.1578)  0.8994( 1.2028)  0.7282( 1.2599)  0.8618( 1.0689)  0.7382( 1.2365)  0.7430( 1.1904)  0.7285( 1.2955)  0.7460( 1.2540)  0.7251( 1.1791)  0.7437( 1.2776)  0.7009( 1.2543)  0.7110( 1.2837)  0.5295( 1.1488)
Out3               0.7527( 1.0209)  0.9114( 0.8783)  0.9567( 1.0531)  0.8771( 1.1071)  0.7713( 1.0958)  0.8690( 1.2429)  0.7739( 0.9487)  0.7478( 1.1287)  0.7424( 0.9487)  0.7606( 0.9436)  0.7687( 0.8987)  0.7685( 0.9436)  0.7397( 1.0156)  0.7424( 0.9487)  0.8677( 0.9485)  0.8610( 1.3321)
Out4               0.7276( 0.8452)  0.8622( 0.8543)  0.8679( 0.9033)  0.8864( 0.8736)  0.7325( 0.8645)  0.8891( 1.0369)  0.7146( 0.9742)  0.7072( 1.0688)  0.7025( 0.8937)  0.6976( 0.9185)  0.7049( 0.9036)  0.7272( 0.9186)  0.6926( 0.9588)  0.7048( 0.9335)  0.8768( 0.9948)  0.9238( 0.9792)  0.5389( 1.1371)

TREE #  1:  ((15, 16), (((1, 2, 3, 4, 5, 6), (7, 8, 9, 10, 11, 12), (14, 13)), (17, 18)));  MP score: 3648.00
lnL(ntime: 25  np: 27): -16358.157179    +0.000000
  19..20   20..15   20..16   19..21   21..22   22..23   23..1    23..2    23..3    23..4    23..5    23..6    22..24   24..7    24..8    24..9    24..10   24..11   24..12   22..25   25..14   25..13   21..26   26..17   26..18 
 0.128350 0.305411 0.318644 0.122582 0.287206 0.012563 0.019777 0.264445 0.281259 0.271863 0.030315 0.252249 0.011185 0.024865 0.022142 0.016424 0.024380 0.021586 0.023311 0.027993 0.013282 0.011112 0.265127 0.320267 0.313171 0.993690 0.360392

tree length =   3.38951

((Out2, Out1), (((C6, C5, C4, C3, C2, C1), (B6, B5, B4, B3, B2, B1), (A1, A2)), (Out3, Out4)));

((Out2: 0.30541, Out1: 0.31864): 0.12835, (((C6: 0.01978, C5: 0.26445, C4: 0.28126, C3: 0.27186, C2: 0.03032, C1: 0.25225): 0.01256, (B6: 0.02486, B5: 0.02214, B4: 0.01642, B3: 0.02438, B2: 0.02159, B1: 0.02331): 0.01118, (A1: 0.01328, A2: 0.01111): 0.02799): 0.28721, (Out3: 0.32027, Out4: 0.31317): 0.26513): 0.12258);

Detailed output identifying parameters

Parameters (kappa) in the rate matrix (K80) (Yang 1994 J Mol Evol 39:105-111):
  0.99369

alpha (gamma, K=8) =  0.36039
rate:   0.00166  0.02122  0.08433  0.21890  0.46568  0.90352  1.74465  4.56005
freq:   0.12500  0.12500  0.12500  0.12500  0.12500  0.12500  0.12500  0.12500

