
BASEML (in paml version 4.7, January 2013)  gene1_ss0.phy  K80 dGamma (ncatG=8)
Frequencies..
                                    T      C      A      G
C6                             0.25150 0.26750 0.24700 0.23400
C5                             0.25650 0.26450 0.24700 0.23200
C4                             0.25050 0.26600 0.23600 0.24750
C3                             0.25750 0.26500 0.24900 0.22850
C2                             0.26000 0.26450 0.24300 0.23250
C1                             0.25850 0.26550 0.24750 0.22850
B6                             0.25450 0.26200 0.24950 0.23400
B5                             0.25700 0.26200 0.24600 0.23500
B4                             0.25300 0.26500 0.24900 0.23300
B3                             0.25550 0.26600 0.24600 0.23250
B2                             0.25600 0.26750 0.24250 0.23400
B1                             0.25600 0.26600 0.24350 0.23450
A2                             0.25700 0.26850 0.24050 0.23400
A1                             0.25650 0.26550 0.24100 0.23700
Out2                           0.26100 0.26200 0.24400 0.23300
Out1                           0.25650 0.25600 0.24900 0.23850
Out3                           0.24900 0.27800 0.23900 0.23400
Out4                           0.25450 0.26550 0.24100 0.23900

Homogeneity statistic: X2 = 0.00415 G = 0.00414 

Average                        0.25561 0.26539 0.24447 0.23453

# constant sites:    917 (45.85%)
ln Lmax (unconstrained) = -9900.299394

Distances:  K80 (kappa)  (alpha set at 0.50)
This matrix is not used in later m.l. analysis.

C6               
C5                 0.0470( 0.7543)
C4                 0.2743( 1.1358)  0.2710( 1.2191)
C3                 0.3103( 1.3323)  0.3063( 1.2093)  0.4624( 0.8246)
C2                 0.0531( 0.5187)  0.0513( 0.4339)  0.2720( 1.1295)  0.2911( 1.3921)
C1                 0.0458( 0.7827)  0.0440( 0.7759)  0.2666( 1.2492)  0.2955( 1.2120)  0.0471( 0.5310)
B6                 0.0706( 1.1588)  0.0700( 1.1297)  0.2832( 1.4737)  0.3295( 1.3889)  0.0745( 0.9480)  0.0668( 1.3684)
B5                 0.0617( 1.0623)  0.0617( 0.7997)  0.2873( 1.2842)  0.3204( 1.3568)  0.0662( 0.7969)  0.0580( 1.1691)  0.0549( 1.2734)
B4                 0.0706( 1.0278)  0.0681( 0.8388)  0.2849( 1.2568)  0.3154( 1.3446)  0.0707( 0.7585)  0.0668( 1.0290)  0.0580( 1.5899)  0.0537( 1.1429)
B3                 0.0681( 1.1327)  0.0687( 0.9046)  0.2931( 1.2058)  0.3351( 1.4887)  0.0713( 0.9729)  0.0617( 1.1107)  0.0537( 1.5166)  0.0482( 0.9815)  0.0543( 1.2366)
B2                 0.0642( 1.0450)  0.0617( 0.8405)  0.2886( 1.3197)  0.3166( 1.3370)  0.0674( 0.7384)  0.0580( 0.9217)  0.0512( 1.3554)  0.0482( 1.2195)  0.0524( 1.2438)  0.0488( 1.4663)
B1                 0.0623( 1.1929)  0.0605( 0.9095)  0.2967( 1.2253)  0.3158( 1.4764)  0.0636( 0.9271)  0.0561( 1.4093)  0.0494( 1.3003)  0.0464( 1.0390)  0.0524( 1.3055)  0.0464( 1.3653)  0.0446( 1.1027)
A2                 0.0661( 1.1358)  0.0661( 0.9572)  0.2922( 1.3618)  0.3017( 1.3001)  0.0655( 1.0594)  0.0604( 1.0473)  0.0675( 1.5709)  0.0636( 1.1080)  0.0668( 1.3684)  0.0630( 1.4454)  0.0630( 1.2254)  0.0580( 1.4593)
A1                 0.0668( 1.0290)  0.0668( 0.9436)  0.2907( 1.2408)  0.3201( 1.2327)  0.0706( 0.9065)  0.0630( 0.9410)  0.0687( 1.3594)  0.0649( 1.0297)  0.0681( 1.3800)  0.0642( 1.2387)  0.0636( 1.1080)  0.0605( 1.4220)  0.0197( 1.0416)
Out2               0.7847( 0.9285)  0.7529( 0.8987)  0.8961( 1.1913)  0.9571( 1.1354)  0.7377( 0.8548)  0.7555( 0.9086)  0.7579( 0.9948)  0.7297( 0.9286)  0.7426( 0.8889)  0.7615( 0.7979)  0.7610( 0.8548)  0.7624( 0.7291)  0.7124( 0.8742)  0.7173( 0.8791)
Out1               0.7475( 1.0156)  0.7297( 0.9136)  0.9876( 0.8974)  0.9278( 1.4266)  0.7275( 0.8597)  0.7176( 0.8356)  0.7321( 1.0000)  0.7372( 1.0052)  0.7424( 0.9336)  0.7398( 1.0633)  0.7501( 0.9793)  0.7270( 0.9948)  0.7048( 0.9487)  0.7097( 0.9235)  0.4607( 1.1875)
Out3               0.8160( 1.4497)  0.8046( 1.4369)  0.8412( 1.0905)  0.9636( 1.0912)  0.8193( 1.4819)  0.7977( 1.3376)  0.8013( 1.4054)  0.7838( 1.5273)  0.8036( 1.3620)  0.7893( 1.3194)  0.8199( 1.5209)  0.8027( 1.5012)  0.8000( 1.2954)  0.7938( 1.2191)  0.8829( 0.9689)  0.8742( 0.8639)
Out4               0.8041( 1.0958)  0.7792( 1.0314)  0.8802( 0.8835)  0.9718( 0.7767)  0.7930( 1.1012)  0.7956( 1.0000)  0.8095( 0.9742)  0.7715( 0.8791)  0.7901( 0.9487)  0.7956( 0.9537)  0.7987( 0.8741)  0.7820( 0.9487)  0.7714( 1.1122)  0.7612( 1.1847)  0.8587( 1.0421)  0.8770( 0.9033)  0.5071( 1.0000)

TREE #  1:  ((15, 16), (((1, 2, 3, 4, 5, 6), (7, 8, 9, 10, 11, 12), (14, 13)), (17, 18)));  MP score: 3053.00
lnL(ntime: 25  np: 27): -14580.781850    +0.000000
  19..20   20..15   20..16   19..21   21..22   22..23   23..1    23..2    23..3    23..4    23..5    23..6    22..24   24..7    24..8    24..9    24..10   24..11   24..12   22..25   25..14   25..13   21..26   26..17   26..18 
 0.132240 0.261774 0.255137 0.150864 0.343886 0.008854 0.024344 0.023773 0.261317 0.292314 0.026504 0.019479 0.006380 0.028205 0.024402 0.028707 0.024873 0.022674 0.021559 0.022015 0.010536 0.008860 0.322144 0.294626 0.289781 1.092597 0.360319

tree length =   2.90525

((Out2, Out1), (((C6, C5, C4, C3, C2, C1), (B6, B5, B4, B3, B2, B1), (A1, A2)), (Out3, Out4)));

((Out2: 0.26177, Out1: 0.25514): 0.13224, (((C6: 0.02434, C5: 0.02377, C4: 0.26132, C3: 0.29231, C2: 0.02650, C1: 0.01948): 0.00885, (B6: 0.02821, B5: 0.02440, B4: 0.02871, B3: 0.02487, B2: 0.02267, B1: 0.02156): 0.00638, (A1: 0.01054, A2: 0.00886): 0.02202): 0.34389, (Out3: 0.29463, Out4: 0.28978): 0.32214): 0.15086);

Detailed output identifying parameters

Parameters (kappa) in the rate matrix (K80) (Yang 1994 J Mol Evol 39:105-111):
  1.09260

alpha (gamma, K=8) =  0.36032
rate:   0.00166  0.02120  0.08429  0.21883  0.46558  0.90343  1.74461  4.56040
freq:   0.12500  0.12500  0.12500  0.12500  0.12500  0.12500  0.12500  0.12500

