
BASEML (in paml version 4.7, January 2013)  gene8_ss2.phy  K80 dGamma (ncatG=8)
Frequencies..
                                    T      C      A      G
C6                             0.23700 0.25300 0.24400 0.26600
C3                             0.24000 0.24550 0.24850 0.26600
C2                             0.24050 0.24850 0.25200 0.25900
C1                             0.23900 0.24900 0.25250 0.25950
B6                             0.23800 0.25100 0.24700 0.26400
B5                             0.23150 0.25400 0.24700 0.26750
B4                             0.23600 0.25300 0.24750 0.26350
B3                             0.23450 0.25050 0.25050 0.26450
B2                             0.23500 0.25600 0.24700 0.26200
B1                             0.23700 0.25550 0.24750 0.26000
A2                             0.23750 0.25200 0.24550 0.26500
A1                             0.23400 0.25250 0.24550 0.26800
Out2                           0.23050 0.25850 0.25550 0.25550
Out1                           0.23500 0.25800 0.24750 0.25950
Out3                           0.23600 0.24950 0.25650 0.25800
Out4                           0.23600 0.24700 0.26200 0.25500

Homogeneity statistic: X2 = 0.00368 G = 0.00367 

Average                        0.23609 0.25209 0.24975 0.26206

# constant sites:    938 (46.90%)
ln Lmax (unconstrained) = -9632.560401

Distances:  K80 (kappa)  (alpha set at 0.50)
This matrix is not used in later m.l. analysis.

C6               
C3                 0.0476( 1.1793)
C2                 0.2630( 1.1042)  0.2619( 1.1111)
C1                 0.0452( 1.0807)  0.0543( 0.8242)  0.2709( 1.0767)
B6                 0.0642( 1.0914)  0.0694( 0.8536)  0.2941( 1.0999)  0.0719( 0.8451)
B5                 0.0598( 1.2174)  0.0693( 1.0568)  0.2846( 1.0562)  0.0681( 0.9581)  0.0447( 0.6630)
B4                 0.0681( 1.0000)  0.0719( 1.0412)  0.2918( 1.1525)  0.0752( 0.8263)  0.0476( 0.6050)  0.0476( 0.7407)
B3                 0.0668( 1.4227)  0.0739( 1.3057)  0.2835( 1.1407)  0.0746( 1.1962)  0.0482( 0.9271)  0.0440( 1.1922)  0.0464( 1.0390)
B2                 0.0642( 0.9136)  0.0687( 0.8273)  0.2801( 1.1414)  0.0713( 0.6806)  0.0459( 0.5086)  0.0453( 0.5180)  0.0519( 0.6559)  0.0506( 0.8629)
B1                 0.0719( 1.0412)  0.0778( 1.0000)  0.2929( 1.1065)  0.0785( 0.8429)  0.0537( 0.5472)  0.0519( 0.6559)  0.0549( 0.6833)  0.0536( 1.0878)  0.0537( 0.5472)
A2                 0.0675( 1.5126)  0.0732( 1.1397)  0.3026( 1.1702)  0.0732( 1.1840)  0.0739( 1.0404)  0.0719( 1.1715)  0.0752( 1.2702)  0.0752( 1.2702)  0.0681( 0.9581)  0.0839( 0.9290)
A1                 0.0662( 1.4450)  0.0733( 1.2294)  0.2942( 1.1988)  0.0726( 1.1554)  0.0693( 1.1007)  0.0674( 1.2456)  0.0726( 1.2467)  0.0707( 1.4554)  0.0655( 1.0146)  0.0778( 1.0000)  0.0269( 1.4226)
Out2               0.7964( 0.8212)  0.8213( 0.8643)  1.0228( 0.9072)  0.8042( 0.8790)  0.8156( 0.8595)  0.7905( 0.8741)  0.8156( 0.8595)  0.7820( 0.9487)  0.7958( 0.9086)  0.8016( 0.8547)  0.7825( 0.8451)  0.7718( 0.8356)
Out1               0.7271( 1.0741)  0.7424( 1.0580)  0.9094( 1.2552)  0.7482( 1.1961)  0.7157( 1.2542)  0.7200( 1.1566)  0.7173( 1.1288)  0.7080( 1.2193)  0.7180( 1.2308)  0.7026( 1.1455)  0.7454( 1.1678)  0.7382( 1.2365)  0.5200( 0.9168)
Out3               0.7690( 1.1678)  0.7823( 1.1398)  0.9023( 1.1799)  0.7852( 1.1678)  0.7415( 1.3194)  0.7455( 1.1847)  0.7454( 1.1678)  0.7613( 1.2018)  0.7438( 1.2954)  0.7429( 1.1734)  0.7349( 1.1067)  0.7330( 1.2307)  0.9242( 0.6689)  0.8986( 0.6783)
Out4               0.7476( 1.3992)  0.7423( 1.3930)  0.9054( 1.1743)  0.7545( 1.3254)  0.7234( 1.2896)  0.7120( 1.3934)  0.7208( 1.2777)  0.7448( 1.3868)  0.7455( 1.1847)  0.7406( 1.2133)  0.7161( 1.3076)  0.7033( 1.2484)  0.9358( 0.6040)  0.9246( 0.6558)  0.4637( 0.9731)

TREE #  1:  ((((5, 6, 7, 8, 9, 10), (1, 2, 3, 4), (12, 11)), (15, 16)), (13, 14));  MP score: 2656.00
lnL(ntime: 23  np: 25): -13297.075854    +0.000000
  17..18   18..19   19..20   20..5    20..6    20..7    20..8    20..9    20..10   19..21   21..1    21..2    21..3    21..4    19..22   22..12   22..11   18..23   23..15   23..16   17..24   24..13   24..14 
 0.118744 0.315456 0.011426 0.022797 0.020575 0.025543 0.024456 0.024455 0.029424 0.010783 0.019195 0.026386 0.252848 0.025521 0.021934 0.012303 0.014329 0.312733 0.268716 0.253731 0.187161 0.338135 0.262564 0.952988 0.365589

tree length =   2.59921

((((B6, B5, B4, B3, B2, B1), (C6, C3, C2, C1), (A1, A2)), (Out3, Out4)), (Out2, Out1));

((((B6: 0.02280, B5: 0.02057, B4: 0.02554, B3: 0.02446, B2: 0.02446, B1: 0.02942): 0.01143, (C6: 0.01919, C3: 0.02639, C2: 0.25285, C1: 0.02552): 0.01078, (A1: 0.01230, A2: 0.01433): 0.02193): 0.31546, (Out3: 0.26872, Out4: 0.25373): 0.31273): 0.11874, (Out2: 0.33813, Out1: 0.26256): 0.18716);

Detailed output identifying parameters

Parameters (kappa) in the rate matrix (K80) (Yang 1994 J Mol Evol 39:105-111):
  0.95299

alpha (gamma, K=8) =  0.36559
rate:   0.00180  0.02235  0.08730  0.22395  0.47229  0.91009  1.74701  4.53521
freq:   0.12500  0.12500  0.12500  0.12500  0.12500  0.12500  0.12500  0.12500

