
BASEML (in paml version 4.7, January 2013)  gene8_ss0.phy  K80 dGamma (ncatG=8)
Frequencies..
                                    T      C      A      G
C6                             0.23700 0.25300 0.24400 0.26600
C5                             0.24050 0.25400 0.24900 0.25650
C4                             0.24000 0.24000 0.25750 0.26250
C3                             0.24000 0.24550 0.24850 0.26600
C2                             0.24050 0.24850 0.25200 0.25900
C1                             0.23900 0.24900 0.25250 0.25950
B6                             0.23800 0.25100 0.24700 0.26400
B5                             0.23150 0.25400 0.24700 0.26750
B4                             0.23600 0.25300 0.24750 0.26350
B3                             0.23450 0.25050 0.25050 0.26450
B2                             0.23500 0.25600 0.24700 0.26200
B1                             0.23700 0.25550 0.24750 0.26000
A2                             0.23750 0.25200 0.24550 0.26500
A1                             0.23400 0.25250 0.24550 0.26800
Out2                           0.23050 0.25850 0.25550 0.25550
Out1                           0.23500 0.25800 0.24750 0.25950
Out3                           0.23600 0.24950 0.25650 0.25800
Out4                           0.23600 0.24700 0.26200 0.25500

Homogeneity statistic: X2 = 0.00472 G = 0.00472 

Average                        0.23656 0.25153 0.25014 0.26178

# constant sites:    884 (44.20%)
ln Lmax (unconstrained) = -10111.644217

Distances:  K80 (kappa)  (alpha set at 0.50)
This matrix is not used in later m.l. analysis.

C6               
C5                 0.2553( 1.0323)
C4                 0.2804( 1.3087)  0.4954( 1.2814)
C3                 0.0476( 1.1793)  0.2587( 1.1737)  0.2945( 1.3244)
C2                 0.2630( 1.1042)  0.4621( 1.0605)  0.4894( 1.0216)  0.2619( 1.1111)
C1                 0.0452( 1.0807)  0.2720( 0.9568)  0.2894( 1.1662)  0.0543( 0.8242)  0.2709( 1.0767)
B6                 0.0642( 1.0914)  0.2895( 1.1864)  0.3113( 1.2417)  0.0694( 0.8536)  0.2941( 1.0999)  0.0719( 0.8451)
B5                 0.0598( 1.2174)  0.2835( 1.1407)  0.3163( 1.2337)  0.0693( 1.0568)  0.2846( 1.0562)  0.0681( 0.9581)  0.0447( 0.6630)
B4                 0.0681( 1.0000)  0.3000( 1.0304)  0.3200( 1.1735)  0.0719( 1.0412)  0.2918( 1.1525)  0.0752( 0.8263)  0.0476( 0.6050)  0.0476( 0.7407)
B3                 0.0668( 1.4227)  0.2893( 1.0685)  0.3151( 1.2407)  0.0739( 1.3057)  0.2835( 1.1407)  0.0746( 1.1962)  0.0482( 0.9271)  0.0440( 1.1922)  0.0464( 1.0390)
B2                 0.0642( 0.9136)  0.2811( 1.0564)  0.3114( 1.2828)  0.0687( 0.8273)  0.2801( 1.1414)  0.0713( 0.6806)  0.0459( 0.5086)  0.0453( 0.5180)  0.0519( 0.6559)  0.0506( 0.8629)
B1                 0.0719( 1.0412)  0.2964( 1.0492)  0.3252( 1.2449)  0.0778( 1.0000)  0.2929( 1.1065)  0.0785( 0.8429)  0.0537( 0.5472)  0.0519( 0.6559)  0.0549( 0.6833)  0.0536( 1.0878)  0.0537( 0.5472)
A2                 0.0675( 1.5126)  0.2940( 0.9879)  0.3193( 1.3860)  0.0732( 1.1397)  0.3026( 1.1702)  0.0732( 1.1840)  0.0739( 1.0404)  0.0719( 1.1715)  0.0752( 1.2702)  0.0752( 1.2702)  0.0681( 0.9581)  0.0839( 0.9290)
A1                 0.0662( 1.4450)  0.2917( 1.0000)  0.3181( 1.4156)  0.0733( 1.2294)  0.2942( 1.1988)  0.0726( 1.1554)  0.0693( 1.1007)  0.0674( 1.2456)  0.0726( 1.2467)  0.0707( 1.4554)  0.0655( 1.0146)  0.0778( 1.0000)  0.0269( 1.4226)
Out2               0.7964( 0.8212)  0.9401( 0.9843)  0.9679( 0.8098)  0.8213( 0.8643)  1.0228( 0.9072)  0.8042( 0.8790)  0.8156( 0.8595)  0.7905( 0.8741)  0.8156( 0.8595)  0.7820( 0.9487)  0.7958( 0.9086)  0.8016( 0.8547)  0.7825( 0.8451)  0.7718( 0.8356)
Out1               0.7271( 1.0741)  0.9077( 1.3698)  0.9295( 1.3274)  0.7424( 1.0580)  0.9094( 1.2552)  0.7482( 1.1961)  0.7157( 1.2542)  0.7200( 1.1566)  0.7173( 1.1288)  0.7080( 1.2193)  0.7180( 1.2308)  0.7026( 1.1455)  0.7454( 1.1678)  0.7382( 1.2365)  0.5200( 0.9168)
Out3               0.7690( 1.1678)  0.9538( 1.1410)  0.9416( 1.2499)  0.7823( 1.1398)  0.9023( 1.1799)  0.7852( 1.1678)  0.7415( 1.3194)  0.7455( 1.1847)  0.7454( 1.1678)  0.7613( 1.2018)  0.7438( 1.2954)  0.7429( 1.1734)  0.7349( 1.1067)  0.7330( 1.2307)  0.9242( 0.6689)  0.8986( 0.6783)
Out4               0.7476( 1.3992)  0.9178( 1.4074)  0.9110( 1.0316)  0.7423( 1.3930)  0.9054( 1.1743)  0.7545( 1.3254)  0.7234( 1.2896)  0.7120( 1.3934)  0.7208( 1.2777)  0.7448( 1.3868)  0.7455( 1.1847)  0.7406( 1.2133)  0.7161( 1.3076)  0.7033( 1.2484)  0.9358( 0.6040)  0.9246( 0.6558)  0.4637( 0.9731)

TREE #  1:  ((15, 16), (((1, 2, 3, 4, 5, 6), (7, 8, 9, 10, 11, 12), (14, 13)), (17, 18)));  MP score: 3336.00
lnL(ntime: 25  np: 27): -15512.885022    +0.000000
  19..20   20..15   20..16   19..21   21..22   22..23   23..1    23..2    23..3    23..4    23..5    23..6    22..24   24..7    24..8    24..9    24..10   24..11   24..12   22..25   25..14   25..13   21..26   26..17   26..18 
 0.149301 0.320062 0.260627 0.143361 0.301829 0.010576 0.019110 0.247953 0.268076 0.026143 0.246827 0.025288 0.011308 0.022590 0.020379 0.025268 0.024201 0.024233 0.029104 0.021743 0.012202 0.014170 0.292603 0.264523 0.236321 0.993356 0.379033

tree length =   3.01780

((Out2, Out1), (((C6, C5, C4, C3, C2, C1), (B6, B5, B4, B3, B2, B1), (A1, A2)), (Out3, Out4)));

((Out2: 0.32006, Out1: 0.26063): 0.14930, (((C6: 0.01911, C5: 0.24795, C4: 0.26808, C3: 0.02614, C2: 0.24683, C1: 0.02529): 0.01058, (B6: 0.02259, B5: 0.02038, B4: 0.02527, B3: 0.02420, B2: 0.02423, B1: 0.02910): 0.01131, (A1: 0.01220, A2: 0.01417): 0.02174): 0.30183, (Out3: 0.26452, Out4: 0.23632): 0.29260): 0.14336);

Detailed output identifying parameters

Parameters (kappa) in the rate matrix (K80) (Yang 1994 J Mol Evol 39:105-111):
  0.99336

alpha (gamma, K=8) =  0.37903
rate:   0.00220  0.02542  0.09504  0.23681  0.48886  0.92625  1.75240  4.47301
freq:   0.12500  0.12500  0.12500  0.12500  0.12500  0.12500  0.12500  0.12500

