
BASEML (in paml version 4.7, January 2013)  gene9_ss1.phy  K80 dGamma (ncatG=8)
Frequencies..
                                    T      C      A      G
C6                             0.24200 0.26500 0.24200 0.25100
C5                             0.24850 0.25850 0.24750 0.24550
C4                             0.25000 0.26000 0.24350 0.24650
C3                             0.24900 0.25550 0.24750 0.24800
C2                             0.24500 0.25900 0.24400 0.25200
B6                             0.25100 0.26400 0.24300 0.24200
B5                             0.25050 0.26200 0.24500 0.24250
B4                             0.24900 0.26250 0.24000 0.24850
B3                             0.25100 0.26500 0.24000 0.24400
B2                             0.24900 0.26600 0.24300 0.24200
B1                             0.25100 0.26550 0.23900 0.24450
A2                             0.24750 0.26200 0.24600 0.24450
A1                             0.24500 0.26450 0.25050 0.24000
Out2                           0.25450 0.24500 0.25300 0.24750
Out1                           0.24500 0.25050 0.25850 0.24600
Out3                           0.24250 0.24000 0.25800 0.25950
Out4                           0.23850 0.25700 0.25500 0.24950

Homogeneity statistic: X2 = 0.00841 G = 0.00844 

Average                        0.24759 0.25894 0.24679 0.24668

# constant sites:    886 (44.30%)
ln Lmax (unconstrained) = -10162.640461

Distances:  K80 (kappa)  (alpha set at 0.50)
This matrix is not used in later m.l. analysis.

C6               
C5                 0.2930( 1.1655)
C4                 0.2813( 1.1953)  0.4829( 0.7966)
C3                 0.0435( 0.7912)  0.2894( 0.8875)  0.2675( 1.0190)
C2                 0.2800( 0.8805)  0.5033( 0.6777)  0.4993( 0.7135)  0.2778( 0.8744)
B6                 0.0661( 1.0000)  0.3037( 1.0121)  0.2941( 1.0618)  0.0604( 0.9541)  0.2977( 0.9172)
B5                 0.0752( 1.0945)  0.3001( 0.9232)  0.3001( 1.1056)  0.0693( 1.0568)  0.3086( 0.9354)  0.0440( 0.9408)
B4                 0.0739( 0.8847)  0.3111( 0.9587)  0.3050( 1.1178)  0.0700( 0.8420)  0.3088( 0.8345)  0.0394( 0.6297)  0.0488( 0.6698)
B3                 0.0759( 1.1644)  0.3224( 1.0845)  0.2989( 1.1122)  0.0706( 1.1588)  0.3074( 1.0486)  0.0388( 1.1406)  0.0488( 0.8093)  0.0464( 0.8708)
B2                 0.0839( 0.9290)  0.3249( 1.0000)  0.3148( 1.0852)  0.0805( 0.8457)  0.3185( 1.0119)  0.0512( 0.8006)  0.0592( 0.7262)  0.0555( 0.7130)  0.0555( 0.9349)
B1                 0.0860( 1.3564)  0.3306( 1.3390)  0.3129( 1.3598)  0.0786( 1.3680)  0.3123( 1.0060)  0.0488( 1.5407)  0.0586( 1.3149)  0.0549( 1.3338)  0.0580( 1.4593)  0.0655( 1.4113)
A2                 0.0832( 0.8714)  0.3173( 0.9474)  0.3086( 1.0795)  0.0752( 0.8984)  0.3137( 0.8462)  0.0668( 0.6776)  0.0728( 0.4819)  0.0708( 0.4730)  0.0727( 0.6310)  0.0820( 0.5825)  0.0852( 0.9762)
A1                 0.0798( 1.1170)  0.3173( 0.9823)  0.3148( 1.0666)  0.0719( 1.1715)  0.3186( 0.9246)  0.0668( 0.9026)  0.0707( 0.6566)  0.0720( 0.7047)  0.0732( 0.8593)  0.0826( 0.7206)  0.0859( 1.2293)  0.0247( 0.7537)
Out2               0.7100( 0.8645)  0.9061( 0.7872)  0.8988( 1.1349)  0.7399( 0.9086)  0.9874( 0.9429)  0.7322( 1.0795)  0.7346( 0.9793)  0.7424( 1.0741)  0.7528( 1.0687)  0.7398( 1.0473)  0.7425( 1.1067)  0.7480( 0.8500)  0.7430( 0.8309)
Out1               0.6645( 0.9134)  0.8864( 0.8736)  0.8953( 0.9948)  0.6737( 0.9385)  0.9048( 0.9332)  0.7121( 1.0580)  0.7147( 0.9285)  0.7221( 1.0527)  0.7121( 1.0580)  0.7246( 0.9538)  0.7146( 0.9896)  0.6933( 0.8118)  0.6980( 0.8308)  0.4638( 0.9258)
Out3               0.8024( 1.4817)  1.1100( 0.8512)  1.0066( 1.4742)  0.8162( 1.6350)  0.9508( 1.1806)  0.8135( 1.2483)  0.8086( 1.3134)  0.8414( 1.4121)  0.8421( 1.2252)  0.8478( 1.2137)  0.8358( 1.6079)  0.7912( 1.2423)  0.8061( 1.3376)  0.9344( 0.8295)  0.9084( 1.1517)
Out4               0.7382( 1.2365)  0.9949( 1.1584)  0.9643( 1.4341)  0.7749( 1.2423)  0.9217( 0.8058)  0.7438( 1.2954)  0.7697( 1.2539)  0.7617( 1.2539)  0.7505( 1.4306)  0.7671( 1.2598)  0.7564( 1.4753)  0.7333( 1.2658)  0.7542( 1.2894)  0.8509( 0.8019)  0.8270( 1.1511)  0.5056( 1.1555)

TREE #  1:  ((((6, 7, 8, 9, 10, 11), (1, 2, 3, 4, 5), (13, 12)), (16, 17)), (14, 15));  MP score: 3305.00
lnL(ntime: 24  np: 26): -15407.298790    +0.000000
  18..19   19..20   20..21   21..6    21..7    21..8    21..9    21..10   21..11   20..22   22..1    22..2    22..3    22..4    22..5    20..23   23..13   23..12   19..24   24..16   24..17   18..25   25..14   25..15 
 0.092075 0.308907 0.008041 0.017217 0.024597 0.021351 0.022976 0.031607 0.032708 0.015588 0.023839 0.267114 0.250429 0.019151 0.262546 0.027186 0.011813 0.012289 0.259559 0.307221 0.225910 0.108127 0.261915 0.224669 0.978922 0.404164

tree length =   2.83683

((((B6, B5, B4, B3, B2, B1), (C6, C5, C4, C3, C2), (A1, A2)), (Out3, Out4)), (Out2, Out1));

((((B6: 0.01722, B5: 0.02460, B4: 0.02135, B3: 0.02298, B2: 0.03161, B1: 0.03271): 0.00804, (C6: 0.02384, C5: 0.26711, C4: 0.25043, C3: 0.01915, C2: 0.26255): 0.01559, (A1: 0.01181, A2: 0.01229): 0.02719): 0.30891, (Out3: 0.30722, Out4: 0.22591): 0.25956): 0.09207, (Out2: 0.26191, Out1: 0.22467): 0.10813);

Detailed output identifying parameters

Parameters (kappa) in the rate matrix (K80) (Yang 1994 J Mol Evol 39:105-111):
  0.97892

alpha (gamma, K=8) =  0.40416
rate:   0.00309  0.03155  0.10963  0.26009  0.51789  0.95360  1.76010  4.36405
freq:   0.12500  0.12500  0.12500  0.12500  0.12500  0.12500  0.12500  0.12500

