
BASEML (in paml version 4.7, January 2013)  gene11_ss2.phy  K80 dGamma (ncatG=8)
Frequencies..
                                    T      C      A      G
C5                             0.25550 0.23900 0.25900 0.24650
C4                             0.25450 0.23650 0.26100 0.24800
C3                             0.25250 0.24100 0.25750 0.24900
C2                             0.25150 0.24200 0.25800 0.24850
B6                             0.25100 0.23700 0.26100 0.25100
B5                             0.24850 0.23900 0.26500 0.24750
B4                             0.24950 0.23950 0.25850 0.25250
B3                             0.25200 0.24000 0.25750 0.25050
B2                             0.25100 0.23850 0.25900 0.25150
B1                             0.25050 0.23800 0.26200 0.24950
A2                             0.25450 0.23250 0.26100 0.25200
A1                             0.25200 0.23400 0.25900 0.25500
Out2                           0.24850 0.24750 0.25750 0.24650
Out1                           0.25100 0.25100 0.25650 0.24150
Out3                           0.25900 0.24600 0.25300 0.24200
Out4                           0.25800 0.24550 0.25400 0.24250

Homogeneity statistic: X2 = 0.00351 G = 0.00351 

Average                        0.25247 0.24044 0.25872 0.24837

# constant sites:    971 (48.55%)
ln Lmax (unconstrained) = -9349.960475

Distances:  K80 (kappa)  (alpha set at 0.50)
This matrix is not used in later m.l. analysis.

C5               
C4                 0.0482( 0.9815)
C3                 0.0488( 0.8589)  0.0429( 0.7536)
C2                 0.0464( 1.4388)  0.0405( 1.3613)  0.0393( 1.0449)
B6                 0.0846( 1.3026)  0.0826( 1.3532)  0.0812( 1.2540)  0.0780( 1.5893)
B5                 0.0853( 1.2035)  0.0825( 1.1406)  0.0812( 1.0504)  0.0806( 1.3604)  0.0536( 0.8848)
B4                 0.0719( 1.1269)  0.0719( 1.1715)  0.0713( 1.0137)  0.0681( 1.3276)  0.0476( 1.0000)  0.0494( 0.7479)
B3                 0.0733( 1.4762)  0.0760( 1.5489)  0.0727( 1.4447)  0.0696( 2.0061)  0.0488( 1.4663)  0.0524( 1.2438)  0.0394( 1.1878)
B2                 0.0733( 1.4241)  0.0733( 1.2761)  0.0706( 1.2049)  0.0688( 1.6402)  0.0476( 0.9445)  0.0512( 0.8970)  0.0400( 0.6682)  0.0388( 1.2158)
B1                 0.0805( 1.1030)  0.0819( 1.0374)  0.0785( 1.0256)  0.0766( 1.2816)  0.0512( 0.9477)  0.0543( 0.7796)  0.0423( 0.7161)  0.0452( 1.1441)  0.0446( 0.8130)
A2                 0.0819( 1.0374)  0.0792( 1.0513)  0.0772( 0.8645)  0.0772( 1.2645)  0.0819( 1.1550)  0.0839( 0.9641)  0.0732( 1.0544)  0.0739( 1.3542)  0.0752( 1.0132)  0.0798( 0.9628)
A1                 0.0778( 1.0388)  0.0752( 0.9740)  0.0713( 0.8565)  0.0720( 1.3126)  0.0778( 1.0786)  0.0792( 1.0127)  0.0687( 1.1165)  0.0707( 1.3009)  0.0719( 0.9598)  0.0759( 0.8869)  0.0247( 1.3755)
Out2               0.6999( 0.9742)  0.7273( 0.8889)  0.7322( 0.9236)  0.7152( 0.8261)  0.7282( 0.7747)  0.7027( 0.8644)  0.7285( 0.7472)  0.7247( 0.9086)  0.7184( 0.7517)  0.6984( 0.7885)  0.7002( 0.8693)  0.6980( 0.8308)
Out1               0.7296( 1.0052)  0.7221( 1.0527)  0.7527( 1.0052)  0.7322( 0.9236)  0.7351( 0.8597)  0.7271( 0.9336)  0.7173( 0.8791)  0.7275( 0.8597)  0.7248( 0.8938)  0.7583( 0.8742)  0.7099( 0.8791)  0.7099( 0.8791)  0.4793( 0.8353)
Out3               0.7196( 0.9336)  0.7427( 1.1398)  0.7296( 1.0367)  0.7271( 1.0262)  0.7580( 0.9487)  0.7527( 0.9437)  0.7271( 0.9487)  0.7477( 0.9086)  0.7579( 0.9640)  0.7742( 0.8742)  0.7272( 0.9186)  0.7123( 0.8889)  0.8440( 1.0528)  0.8985( 1.0529)
Out4               0.7611( 0.8404)  0.7452( 0.8840)  0.7717( 0.8500)  0.7482( 0.8214)  0.7986( 0.6712)  0.7717( 0.8500)  0.7618( 0.7700)  0.7718( 0.8356)  0.7881( 0.8213)  0.7940( 0.7837)  0.7402( 0.8645)  0.7274( 0.8742)  0.8315( 0.7240)  0.8711( 0.8835)  0.5199( 1.0268)

TREE #  1:  ((((5, 6, 7, 8, 9, 10), (1, 2, 3, 4), (12, 11)), (15, 16)), (13, 14));  MP score: 2341.00
lnL(ntime: 23  np: 25): -12376.086259    +0.000000
  17..18   18..19   19..20   20..5    20..6    20..7    20..8    20..9    20..10   19..21   21..1    21..2    21..3    21..4    19..22   22..12   22..11   18..23   23..15   23..16   17..24   24..13   24..14 
 0.175778 0.316179 0.013387 0.027720 0.029993 0.019590 0.020193 0.019065 0.024987 0.014971 0.025851 0.021436 0.021160 0.018780 0.026251 0.010435 0.014049 0.256089 0.299274 0.300512 0.087582 0.233924 0.299367 0.966780 0.371577

tree length =   2.27657

((((B6, B5, B4, B3, B2, B1), (C5, C4, C3, C2), (A1, A2)), (Out3, Out4)), (Out2, Out1));

((((B6: 0.02772, B5: 0.02999, B4: 0.01959, B3: 0.02019, B2: 0.01907, B1: 0.02499): 0.01339, (C5: 0.02585, C4: 0.02144, C3: 0.02116, C2: 0.01878): 0.01497, (A1: 0.01044, A2: 0.01405): 0.02625): 0.31618, (Out3: 0.29927, Out4: 0.30051): 0.25609): 0.17578, (Out2: 0.23392, Out1: 0.29937): 0.08758);

Detailed output identifying parameters

Parameters (kappa) in the rate matrix (K80) (Yang 1994 J Mol Evol 39:105-111):
  0.96678

alpha (gamma, K=8) =  0.37158
rate:   0.00198  0.02370  0.09074  0.22971  0.47977  0.91743  1.74953  4.50715
freq:   0.12500  0.12500  0.12500  0.12500  0.12500  0.12500  0.12500  0.12500

