
BASEML (in paml version 4.7, January 2013)  gene12_ss1.phy  K80 dGamma (ncatG=8)
Frequencies..
                                    T      C      A      G
C6                             0.25800 0.24650 0.24350 0.25200
C5                             0.26050 0.25000 0.23650 0.25300
C4                             0.26300 0.24300 0.24050 0.25350
C2                             0.25850 0.24600 0.24150 0.25400
C1                             0.25800 0.24800 0.23800 0.25600
B6                             0.25500 0.24850 0.24000 0.25650
B5                             0.25650 0.24950 0.23950 0.25450
B4                             0.26050 0.24800 0.24100 0.25050
B3                             0.26100 0.24700 0.24100 0.25100
B2                             0.25650 0.24400 0.24100 0.25850
B1                             0.25450 0.24850 0.24150 0.25550
A2                             0.26250 0.24400 0.23700 0.25650
A1                             0.25750 0.24550 0.24150 0.25550
Out2                           0.26550 0.24600 0.24200 0.24650
Out1                           0.26100 0.23950 0.23700 0.26250
Out3                           0.25250 0.23500 0.25400 0.25850
Out4                           0.26050 0.24750 0.24800 0.24400

Homogeneity statistic: X2 = 0.00408 G = 0.00408 

Average                        0.25891 0.24568 0.24138 0.25403

# constant sites:    925 (46.25%)
ln Lmax (unconstrained) = -9784.676035

Distances:  K80 (kappa)  (alpha set at 0.50)
This matrix is not used in later m.l. analysis.

C6               
C5                 0.2575( 0.9621)
C4                 0.2631( 0.8602)  0.0452( 0.7976)
C2                 0.2663( 0.9503)  0.0530( 1.2215)  0.0506( 1.1306)
C1                 0.2708( 0.9813)  0.0518( 1.0904)  0.0524( 1.3055)  0.0549( 1.3964)
B6                 0.2870( 0.8815)  0.0805( 0.8800)  0.0798( 1.0381)  0.0880( 1.1467)  0.0887( 1.0592)
B5                 0.2766( 0.8627)  0.0700( 0.9590)  0.0726( 1.2004)  0.0779( 1.2039)  0.0752( 1.1368)  0.0482( 1.2195)
B4                 0.2917( 1.0369)  0.0832( 1.2073)  0.0825( 1.1406)  0.0887( 1.3334)  0.0866( 1.2969)  0.0567( 0.9050)  0.0518( 1.2060)
B3                 0.2789( 0.8517)  0.0772( 0.7953)  0.0752( 0.9740)  0.0805( 1.0636)  0.0785( 1.0256)  0.0524( 0.7296)  0.0458( 0.8874)  0.0488( 0.9103)
B2                 0.2952( 0.9639)  0.0846( 1.0992)  0.0785( 1.2315)  0.0894( 1.3596)  0.0894( 1.3174)  0.0549( 1.2150)  0.0506( 1.2515)  0.0561( 0.9674)  0.0512( 0.8480)
B1                 0.2834( 1.0062)  0.0785( 0.9135)  0.0746( 1.1962)  0.0859( 1.1888)  0.0819( 1.2381)  0.0549( 0.8559)  0.0464( 1.1620)  0.0536( 1.0878)  0.0482( 0.7276)  0.0549( 1.0511)
A2                 0.2965( 0.9404)  0.0779( 0.8536)  0.0759( 0.8158)  0.0852( 0.9071)  0.0846( 0.9880)  0.0859( 0.9302)  0.0765( 0.9871)  0.0819( 1.1550)  0.0819( 0.8253)  0.0886( 1.0234)  0.0839( 0.8946)
A1                 0.2893( 0.9223)  0.0759( 0.7480)  0.0707( 0.7237)  0.0819( 0.8253)  0.0812( 0.9038)  0.0819( 0.8928)  0.0732( 1.1397)  0.0812( 1.1696)  0.0792( 0.9021)  0.0832( 1.0875)  0.0805( 1.0251)  0.0297( 1.2121)
Out2               0.9336( 1.0423)  0.8208( 0.9690)  0.7929( 0.9436)  0.8095( 0.9896)  0.7929( 0.9436)  0.8039( 0.9690)  0.7905( 0.8741)  0.8208( 0.9690)  0.8040( 0.9235)  0.8243( 1.1736)  0.8095( 1.0052)  0.8072( 0.8595)  0.8019( 0.8260)
Out1               0.8771( 0.8884)  0.7766( 0.9285)  0.7508( 0.8167)  0.7609( 0.8693)  0.7504( 0.8742)  0.7467( 0.7291)  0.7559( 0.8356)  0.7937( 0.8118)  0.7735( 0.6978)  0.7634( 0.9086)  0.7860( 0.7699)  0.7463( 0.7563)  0.7486( 0.7793)  0.4939( 0.5731)
Out3               0.9469( 1.0856)  0.8208( 0.9690)  0.8100( 0.8547)  0.7931( 0.8987)  0.8014( 0.8839)  0.8101( 0.8402)  0.8011( 0.9742)  0.7874( 0.9386)  0.7792( 1.0473)  0.7961( 1.1622)  0.8095( 1.0052)  0.7819( 1.0104)  0.7824( 1.1565)  0.9628( 1.3404)  0.9475( 0.8389)
Out4               0.8984( 1.0052)  0.7660( 0.9037)  0.7580( 0.9186)  0.7321( 0.9845)  0.7528( 0.9286)  0.7527( 0.9742)  0.7555( 0.9086)  0.7251( 0.8356)  0.7322( 0.9386)  0.7425( 1.0903)  0.7879( 0.8499)  0.7429( 0.8452)  0.7528( 0.9286)  0.9495( 1.3462)  0.8891( 1.0052)  0.4929( 1.0270)

TREE #  1:  ((((6, 7, 8, 9, 10, 11), (1, 2, 3, 4, 5), (13, 12)), (16, 17)), (14, 15));  MP score: 2750.00
lnL(ntime: 24  np: 26): -13802.313468    +0.000000
  18..19   19..20   20..21   21..6    21..7    21..8    21..9    21..10   21..11   20..22   22..1    22..2    22..3    22..4    22..5    20..23   23..13   23..12   19..24   24..16   24..17   18..25   25..14   25..15 
 0.139389 0.307434 0.015773 0.027587 0.020586 0.028716 0.022720 0.028112 0.024301 0.013162 0.240174 0.023497 0.023952 0.028249 0.027029 0.023717 0.012911 0.016355 0.268867 0.303538 0.233030 0.145628 0.295583 0.241590 0.963231 0.393347

tree length =   2.51190

((((B6, B5, B4, B3, B2, B1), (C6, C5, C4, C2, C1), (A1, A2)), (Out3, Out4)), (Out2, Out1));

((((B6: 0.02759, B5: 0.02059, B4: 0.02872, B3: 0.02272, B2: 0.02811, B1: 0.02430): 0.01577, (C6: 0.24017, C5: 0.02350, C4: 0.02395, C2: 0.02825, C1: 0.02703): 0.01316, (A1: 0.01291, A2: 0.01635): 0.02372): 0.30743, (Out3: 0.30354, Out4: 0.23303): 0.26887): 0.13939, (Out2: 0.29558, Out1: 0.24159): 0.14563);

Detailed output identifying parameters

Parameters (kappa) in the rate matrix (K80) (Yang 1994 J Mol Evol 39:105-111):
  0.96323

alpha (gamma, K=8) =  0.39335
rate:   0.00269  0.02885  0.10334  0.25020  0.50570  0.94226  1.75713  4.40983
freq:   0.12500  0.12500  0.12500  0.12500  0.12500  0.12500  0.12500  0.12500

