
BASEML (in paml version 4.7, January 2013)  gene2_ss0.phy  K80 dGamma (ncatG=8)
Frequencies..
                                    T      C      A      G
C6                             0.25000 0.26600 0.24600 0.23800
C5                             0.24700 0.26700 0.24800 0.23800
C4                             0.24600 0.27250 0.24100 0.24050
C3                             0.25050 0.26750 0.24500 0.23700
C2                             0.25500 0.26300 0.24600 0.23600
C1                             0.25000 0.26800 0.24600 0.23600
B6                             0.24850 0.26600 0.24550 0.24000
B5                             0.25300 0.26650 0.24700 0.23350
B4                             0.24800 0.26600 0.24750 0.23850
B3                             0.24450 0.27350 0.24750 0.23450
B2                             0.24750 0.26450 0.24950 0.23850
B1                             0.24950 0.26600 0.25100 0.23350
A2                             0.24900 0.26950 0.25100 0.23050
A1                             0.25050 0.26650 0.24800 0.23500
Out2                           0.25650 0.26150 0.24500 0.23700
Out1                           0.26250 0.26700 0.24250 0.22800
Out3                           0.25350 0.26050 0.25100 0.23500
Out4                           0.26550 0.25800 0.24550 0.23100

Homogeneity statistic: X2 = 0.00430 G = 0.00428 

Average                        0.25150 0.26608 0.24683 0.23558

# constant sites:    922 (46.10%)
ln Lmax (unconstrained) = -9860.744035

Distances:  K80 (kappa)  (alpha set at 0.50)
This matrix is not used in later m.l. analysis.

C6               
C5                 0.0435( 1.3633)
C4                 0.2871( 1.2006)  0.2735( 1.3340)
C3                 0.2735( 1.3118)  0.2827( 1.2932)  0.4865( 1.2577)
C2                 0.0500( 1.1518)  0.0482( 1.1567)  0.2802( 1.2025)  0.2806( 1.3979)
C1                 0.0494( 1.1136)  0.0452( 1.0807)  0.2777( 1.0955)  0.2844( 1.4886)  0.0512( 1.0000)
B6                 0.0707( 1.2523)  0.0655( 0.8474)  0.2908( 1.2618)  0.2990( 1.1709)  0.0759( 0.8869)  0.0700( 0.8050)
B5                 0.0826( 1.3989)  0.0779( 1.2039)  0.3128( 1.3384)  0.3125( 1.1946)  0.0894( 1.1577)  0.0812( 1.0892)  0.0512( 0.8970)
B4                 0.0700( 1.1753)  0.0636( 0.9704)  0.2991( 1.2521)  0.2919( 1.2336)  0.0752( 1.0533)  0.0661( 0.9155)  0.0399( 0.7768)  0.0512( 1.4225)
B3                 0.0759( 1.2531)  0.0713( 1.0556)  0.3112( 1.1426)  0.3025( 1.0365)  0.0846( 1.0242)  0.0772( 0.9745)  0.0464( 0.6727)  0.0555( 1.4348)  0.0440( 1.2616)
B2                 0.0792( 1.1314)  0.0687( 0.7901)  0.3052( 1.2366)  0.3026( 1.1505)  0.0839( 1.0000)  0.0785( 0.8089)  0.0470( 0.9076)  0.0561( 1.2298)  0.0458( 1.2523)  0.0506( 1.1900)
B1                 0.0720( 1.3126)  0.0674( 1.1030)  0.2959( 1.4045)  0.2990( 1.1709)  0.0732( 1.0965)  0.0700( 0.9590)  0.0446( 0.7112)  0.0531( 1.4761)  0.0411( 1.4102)  0.0488( 1.2599)  0.0500( 1.2125)
A2                 0.0792( 1.0909)  0.0752( 1.0132)  0.2968( 1.2878)  0.2992( 1.2940)  0.0825( 1.0624)  0.0752( 1.0132)  0.0805( 0.8800)  0.0900( 1.1442)  0.0798( 1.1170)  0.0873( 1.0845)  0.0852( 1.0120)  0.0812( 1.2113)
A1                 0.0713( 1.2346)  0.0700( 1.1753)  0.3001( 1.1444)  0.2967( 1.2459)  0.0785( 1.1050)  0.0700( 1.0853)  0.0752( 0.9357)  0.0873( 1.3233)  0.0752( 1.2246)  0.0805( 1.2703)  0.0812( 1.1289)  0.0766( 1.3282)  0.0325( 0.8271)
Out2               0.6576( 0.6667)  0.6666( 0.6756)  0.8719( 0.7970)  0.8254( 0.7467)  0.6653( 0.7836)  0.6700( 0.7743)  0.6738( 0.6626)  0.6791( 0.6284)  0.6724( 0.6157)  0.6758( 0.6844)  0.6631( 0.7743)  0.6775( 0.7334)  0.6465( 0.8641)  0.6266( 0.8493)
Out1               0.6404( 0.7786)  0.6566( 0.7331)  0.8389( 0.8210)  0.8499( 1.0581)  0.6512( 0.8257)  0.6392( 0.6882)  0.6398( 0.6491)  0.6697( 0.6325)  0.6592( 0.7152)  0.6617( 0.6974)  0.6599( 0.6624)  0.6327( 0.6749)  0.6394( 0.6751)  0.6309( 0.6532)  0.4546( 0.7329)
Out3               0.6760( 1.0421)  0.6622( 0.9184)  0.8500( 1.0905)  0.8677( 1.0105)  0.6760( 1.0421)  0.6507( 1.0528)  0.6508( 0.9133)  0.6832( 1.0905)  0.6644( 0.9896)  0.6690( 0.9793)  0.6883( 1.1624)  0.6738( 1.0797)  0.6621( 1.0262)  0.6598( 1.0000)  0.8926( 0.8784)  0.7846( 1.0367)
Out4               0.7849( 0.8839)  0.7851( 0.8548)  0.9674( 1.1524)  0.9672( 0.8827)  0.7846( 0.9742)  0.7768( 0.8839)  0.7686( 0.9285)  0.7829( 0.8025)  0.7847( 0.9436)  0.8025( 0.7698)  0.7875( 0.9235)  0.7792( 1.0314)  0.7748( 0.8025)  0.7795( 0.8938)  0.9274( 0.8831)  0.7713( 0.9086)  0.4773( 1.0602)

TREE #  1:  ((15, 16), (((1, 2, 3, 4, 5, 6), (7, 8, 9, 10, 11, 12), (14, 13)), (17, 18)));  MP score: 2986.00
lnL(ntime: 25  np: 27): -14582.016290    +0.000000
  19..20   20..15   20..16   19..21   21..22   22..23   23..1    23..2    23..3    23..4    23..5    23..6    22..24   24..7    24..8    24..9    24..10   24..11   24..12   22..25   25..14   25..13   21..26   26..17   26..18 
 0.070210 0.275007 0.208677 0.123826 0.271006 0.009350 0.023175 0.018796 0.255257 0.260226 0.027359 0.023775 0.015850 0.021105 0.029731 0.018837 0.024259 0.025838 0.021488 0.022685 0.013655 0.018073 0.266418 0.220619 0.286967 1.044961 0.394353

tree length =   2.55219

((Out2, Out1), (((C6, C5, C4, C3, C2, C1), (B6, B5, B4, B3, B2, B1), (A1, A2)), (Out3, Out4)));

((Out2: 0.27501, Out1: 0.20868): 0.07021, (((C6: 0.02318, C5: 0.01880, C4: 0.25526, C3: 0.26023, C2: 0.02736, C1: 0.02377): 0.00935, (B6: 0.02110, B5: 0.02973, B4: 0.01884, B3: 0.02426, B2: 0.02584, B1: 0.02149): 0.01585, (A1: 0.01365, A2: 0.01807): 0.02269): 0.27101, (Out3: 0.22062, Out4: 0.28697): 0.26642): 0.12383);

Detailed output identifying parameters

Parameters (kappa) in the rate matrix (K80) (Yang 1994 J Mol Evol 39:105-111):
  1.04496

alpha (gamma, K=8) =  0.39435
rate:   0.00272  0.02909  0.10393  0.25113  0.50685  0.94334  1.75743  4.40551
freq:   0.12500  0.12500  0.12500  0.12500  0.12500  0.12500  0.12500  0.12500

