
BASEML (in paml version 4.7, January 2013)  gene7_ss1.phy  K80 dGamma (ncatG=8)
Frequencies..
                                    T      C      A      G
C6                             0.24800 0.25500 0.25600 0.24100
C4                             0.24950 0.25250 0.25650 0.24150
C3                             0.24300 0.24250 0.25650 0.25800
C2                             0.24650 0.25350 0.26050 0.23950
C1                             0.24750 0.24900 0.25950 0.24400
B6                             0.24550 0.25350 0.26100 0.24000
B5                             0.24700 0.25300 0.25900 0.24100
B4                             0.24900 0.25350 0.26000 0.23750
B3                             0.25000 0.25500 0.25450 0.24050
B2                             0.24850 0.25400 0.26000 0.23750
B1                             0.25000 0.25200 0.25950 0.23850
A2                             0.24850 0.25500 0.25250 0.24400
A1                             0.24500 0.25900 0.25600 0.24000
Out2                           0.25350 0.25300 0.25500 0.23850
Out1                           0.25050 0.25900 0.25550 0.23500
Out3                           0.23100 0.26300 0.26000 0.24600
Out4                           0.23350 0.26500 0.26600 0.23550

Homogeneity statistic: X2 = 0.00630 G = 0.00630 

Average                        0.24626 0.25456 0.25812 0.24106

# constant sites:    867 (43.35%)
ln Lmax (unconstrained) = -10243.460689

Distances:  K80 (kappa)  (alpha set at 0.50)
This matrix is not used in later m.l. analysis.

C6               
C4                 0.0405( 1.1352)
C3                 0.2732( 0.8970)  0.2742( 0.9814)
C2                 0.2811( 1.0000)  0.2823( 0.9755)  0.4791( 0.8802)
C1                 0.2597( 1.0846)  0.2708( 1.0572)  0.4524( 0.8538)  0.4807( 1.0162)
B6                 0.0774( 0.5197)  0.0746( 0.7338)  0.2979( 0.8000)  0.3002( 0.8386)  0.2964( 0.9581)
B5                 0.0792( 0.8325)  0.0785( 0.9500)  0.3063( 0.8125)  0.3224( 0.8747)  0.3013( 1.0427)  0.0567( 0.8155)
B4                 0.0668( 0.8237)  0.0668( 1.1662)  0.2977( 0.8829)  0.3061( 0.9821)  0.2988( 1.0000)  0.0441( 0.7249)  0.0476( 1.0576)
B3                 0.0759( 0.9237)  0.0792( 0.9021)  0.3137( 0.8462)  0.3110( 1.0120)  0.2965( 1.0679)  0.0530( 0.8059)  0.0573( 1.0327)  0.0476( 1.1793)
B2                 0.0806( 0.6552)  0.0812( 0.8023)  0.3065( 0.7647)  0.3077( 0.7598)  0.3002( 1.1641)  0.0580( 0.7489)  0.0605( 0.8662)  0.0500( 1.0366)  0.0592( 0.9843)
B1                 0.0752( 0.8984)  0.0745( 0.9480)  0.3004( 0.7581)  0.3111( 0.9413)  0.2917( 1.0557)  0.0555( 0.7548)  0.0592( 1.0319)  0.0470( 1.1393)  0.0567( 1.2089)  0.0561( 1.0166)
A2                 0.0792( 1.0127)  0.0752( 1.0945)  0.2954( 0.8268)  0.3037( 0.9584)  0.2894( 0.9048)  0.0895( 0.6406)  0.0915( 0.7579)  0.0798( 0.9264)  0.0935( 0.8202)  0.0964( 0.6482)  0.0922( 0.7209)
A1                 0.0759( 1.1644)  0.0700( 1.0853)  0.2941( 0.8655)  0.3013( 0.9880)  0.2917( 1.0184)  0.0840( 0.6739)  0.0873( 0.9086)  0.0772( 1.0927)  0.0894( 0.8458)  0.0936( 0.7614)  0.0866( 0.7593)  0.0247( 1.0338)
Out2               0.7374( 1.1012)  0.7428( 1.1565)  0.9604( 1.1299)  0.9774( 1.1357)  0.9241( 1.1074)  0.7178( 1.2134)  0.7275( 1.1566)  0.7664( 1.1734)  0.7374( 1.1012)  0.7583( 1.1398)  0.7483( 1.2133)  0.7440( 1.3134)  0.7524( 1.3682)
Out1               0.8068( 0.9335)  0.8180( 0.9742)  0.9370( 1.0855)  1.0341( 1.1477)  0.8678( 1.0743)  0.8151( 0.9948)  0.8265( 1.0052)  0.8587( 0.9793)  0.8294( 1.0157)  0.8323( 1.0104)  0.8123( 0.9845)  0.7558( 1.1621)  0.7530( 1.1342)  0.4982( 0.9787)
Out3               0.7685( 1.0526)  0.7847( 1.0527)  0.9373( 1.4079)  0.9995( 1.2570)  0.8851( 1.3204)  0.7847( 0.9588)  0.7904( 0.8888)  0.7905( 0.8741)  0.7906( 0.8596)  0.8011( 0.9742)  0.7822( 0.8888)  0.7373( 0.9436)  0.7346( 0.9793)  1.0518( 1.0053)  1.0189( 1.3730)
Out4               0.7957( 1.0795)  0.8354( 1.1014)  0.9354( 1.2794)  1.0108( 1.3113)  1.0204( 1.6148)  0.8301( 1.1793)  0.8254( 1.2956)  0.8184( 1.1511)  0.8443( 1.1345)  0.8365( 1.2543)  0.8678( 1.0582)  0.8155( 1.4118)  0.8263( 1.3684)  1.0482( 0.9478)  1.0858( 1.0214)  0.5738( 0.9739)

TREE #  1:  ((((6, 7, 8, 9, 10, 11), (1, 2, 3, 4, 5), (13, 12)), (16, 17)), (14, 15));  MP score: 3384.00
lnL(ntime: 24  np: 26): -15587.855160    +0.000000
  18..19   19..20   20..21   21..6    21..7    21..8    21..9    21..10   21..11   20..22   22..1    22..2    22..3    22..4    22..5    20..23   23..13   23..12   19..24   24..16   24..17   18..25   25..14   25..15 
 0.159552 0.245415 0.016126 0.026459 0.028563 0.017804 0.027510 0.030308 0.026961 0.010166 0.021060 0.020580 0.256462 0.266526 0.250187 0.029726 0.010268 0.013719 0.330592 0.297618 0.357153 0.207086 0.253966 0.297154 1.011560 0.381340

tree length =   3.20096

((((B6, B5, B4, B3, B2, B1), (C6, C4, C3, C2, C1), (A1, A2)), (Out3, Out4)), (Out2, Out1));

((((B6: 0.02646, B5: 0.02856, B4: 0.01780, B3: 0.02751, B2: 0.03031, B1: 0.02696): 0.01613, (C6: 0.02106, C4: 0.02058, C3: 0.25646, C2: 0.26653, C1: 0.25019): 0.01017, (A1: 0.01027, A2: 0.01372): 0.02973): 0.24542, (Out3: 0.29762, Out4: 0.35715): 0.33059): 0.15955, (Out2: 0.25397, Out1: 0.29715): 0.20709);

Detailed output identifying parameters

Parameters (kappa) in the rate matrix (K80) (Yang 1994 J Mol Evol 39:105-111):
  1.01156

alpha (gamma, K=8) =  0.38134
rate:   0.00228  0.02596  0.09638  0.23899  0.49163  0.92891  1.75323  4.46262
freq:   0.12500  0.12500  0.12500  0.12500  0.12500  0.12500  0.12500  0.12500

