
BASEML (in paml version 4.7, January 2013)  gene19_ss1.phy  K80 dGamma (ncatG=8)
Frequencies..
                                    T      C      A      G
C6                             0.25500 0.25250 0.25150 0.24100
C4                             0.26150 0.25900 0.24900 0.23050
C3                             0.26250 0.24550 0.24500 0.24700
C2                             0.26100 0.25600 0.24800 0.23500
C1                             0.26350 0.24850 0.24850 0.23950
B6                             0.26300 0.25100 0.24850 0.23750
B5                             0.26400 0.25300 0.24900 0.23400
B4                             0.26750 0.25300 0.24650 0.23300
B3                             0.26900 0.25200 0.24800 0.23100
B2                             0.26600 0.25150 0.24900 0.23350
B1                             0.26050 0.25800 0.24700 0.23450
A2                             0.26350 0.25400 0.25000 0.23250
A1                             0.26400 0.25600 0.24900 0.23100
Out2                           0.26250 0.24550 0.25300 0.23900
Out1                           0.26450 0.22900 0.26700 0.23950
Out3                           0.25550 0.24900 0.26050 0.23500
Out4                           0.26200 0.25250 0.24850 0.23700

Homogeneity statistic: X2 = 0.00687 G = 0.00689 

Average                        0.26268 0.25094 0.25047 0.23591

# constant sites:    853 (42.65%)
ln Lmax (unconstrained) = -10334.927850

Distances:  K80 (kappa)  (alpha set at 0.50)
This matrix is not used in later m.l. analysis.

C6               
C4                 0.3027( 0.7957)
C3                 0.5709( 0.7492)  0.3037( 0.9940)
C2                 0.3075( 0.8235)  0.0506( 1.2515)  0.3038( 1.1244)
C1                 0.5330( 0.9426)  0.3049( 1.0798)  0.5406( 1.0977)  0.3087( 1.1365)
B6                 0.3342( 0.7962)  0.0819( 0.8253)  0.3288( 0.8974)  0.0893( 0.9770)  0.3419( 1.1572)
B5                 0.3198( 0.9022)  0.0713( 0.8565)  0.3224( 0.9080)  0.0785( 1.2758)  0.3314( 0.8866)  0.0655( 1.0594)
B4                 0.3164( 0.7566)  0.0726( 0.9470)  0.3250( 1.1279)  0.0786( 1.4158)  0.3211( 1.0540)  0.0630( 1.1745)  0.0488( 1.2599)
B3                 0.3302( 0.8271)  0.0733( 0.7194)  0.3049( 0.9526)  0.0772( 1.1340)  0.3313( 1.0961)  0.0623( 0.8280)  0.0549( 0.9025)  0.0494( 1.3003)
B2                 0.3236( 0.9193)  0.0713( 0.8196)  0.3173( 1.0179)  0.0766( 1.4250)  0.3289( 1.2043)  0.0630( 1.2779)  0.0506( 1.2515)  0.0465( 1.5951)  0.0488( 1.2599)
B1                 0.3139( 0.7664)  0.0674( 0.8122)  0.3223( 0.9592)  0.0759( 1.2082)  0.3262( 1.0658)  0.0611( 0.8958)  0.0524( 1.1268)  0.0494( 1.3674)  0.0494( 0.9461)  0.0519( 1.3955)
A2                 0.3015( 0.8170)  0.0643( 0.6807)  0.3287( 1.0902)  0.0674( 1.1030)  0.3148( 0.9243)  0.0772( 0.9369)  0.0617( 1.0153)  0.0617( 1.2648)  0.0605( 0.7831)  0.0624( 1.2983)  0.0623( 1.0000)
A1                 0.3052( 0.8015)  0.0694( 0.6413)  0.3339( 1.0473)  0.0706( 1.1140)  0.3237( 0.8859)  0.0778( 1.0000)  0.0636( 0.9704)  0.0636( 1.2065)  0.0624( 0.7489)  0.0649( 1.2709)  0.0623( 0.9552)  0.0176( 0.9550)
Out2               0.9913( 1.1471)  0.7606( 1.0367)  1.0298( 1.0212)  0.7956( 1.0000)  0.9148( 0.8587)  0.7797( 1.1622)  0.7452( 1.1177)  0.7723( 1.2481)  0.7648( 1.3013)  0.7688( 1.1342)  0.7640( 1.2133)  0.7489( 1.2835)  0.7704( 1.3254)
Out1               1.0375( 0.8869)  0.8069( 1.1067)  1.0746( 0.9118)  0.8183( 1.1344)  0.9701( 0.9843)  0.8601( 1.2604)  0.8298( 1.1455)  0.8241( 1.1399)  0.8356( 1.1344)  0.8237( 1.0421)  0.8507( 1.2080)  0.7800( 1.1961)  0.7832( 1.2598)  0.5181( 0.9841)
Out3               0.9736( 1.0425)  0.7224( 0.8693)  0.9336( 1.0584)  0.7449( 1.0052)  0.9842( 1.1246)  0.7584( 1.1565)  0.7665( 1.1904)  0.7658( 0.9793)  0.7400( 0.8938)  0.7270( 0.9793)  0.7553( 1.0000)  0.7323( 1.0958)  0.7399( 1.0795)  0.9438( 0.6684)  0.9568( 1.0857)
Out4               0.9544( 1.2093)  0.7765( 0.9588)  0.9838( 1.0265)  0.7819( 1.0262)  0.9434( 1.0264)  0.7658( 0.9640)  0.7711( 1.0157)  0.7874( 1.0634)  0.7658( 0.9640)  0.7765( 0.9588)  0.7685( 0.9589)  0.7606( 0.9589)  0.7902( 0.9335)  0.9116( 0.8636)  0.9374( 1.1521)  0.5108( 1.0872)

TREE #  1:  ((((6, 7, 8, 9, 10, 11), (1, 2, 3, 4, 5), (13, 12)), (16, 17)), (14, 15));  MP score: 3389.00
lnL(ntime: 24  np: 26): -15648.604854    +0.000000
  18..19   19..20   20..21   21..6    21..7    21..8    21..9    21..10   21..11   20..22   22..1    22..2    22..3    22..4    22..5    20..23   23..13   23..12   19..24   24..16   24..17   18..25   25..14   25..15 
 0.155003 0.279509 0.009431 0.036539 0.026531 0.022686 0.024871 0.023779 0.024888 0.013816 0.277958 0.022757 0.281872 0.028049 0.279954 0.020165 0.010143 0.007307 0.254964 0.282279 0.262285 0.132682 0.239516 0.318769 1.033425 0.414460

tree length =   3.03575

((((B6, B5, B4, B3, B2, B1), (C6, C4, C3, C2, C1), (A1, A2)), (Out3, Out4)), (Out2, Out1));

((((B6: 0.03654, B5: 0.02653, B4: 0.02269, B3: 0.02487, B2: 0.02378, B1: 0.02489): 0.00943, (C6: 0.27796, C4: 0.02276, C3: 0.28187, C2: 0.02805, C1: 0.27995): 0.01382, (A1: 0.01014, A2: 0.00731): 0.02017): 0.27951, (Out3: 0.28228, Out4: 0.26229): 0.25496): 0.15500, (Out2: 0.23952, Out1: 0.31877): 0.13268);

Detailed output identifying parameters

Parameters (kappa) in the rate matrix (K80) (Yang 1994 J Mol Evol 39:105-111):
  1.03343

alpha (gamma, K=8) =  0.41446
rate:   0.00351  0.03420  0.11562  0.26932  0.52910  0.96384  1.76248  4.32193
freq:   0.12500  0.12500  0.12500  0.12500  0.12500  0.12500  0.12500  0.12500

