
BASEML (in paml version 4.7, January 2013)  gene15_ss1.phy  K80 dGamma (ncatG=8)
Frequencies..
                                    T      C      A      G
C6                             0.24150 0.25100 0.25450 0.25300
C5                             0.24150 0.25550 0.25400 0.24900
C4                             0.23650 0.25200 0.25850 0.25300
C3                             0.23750 0.25150 0.26050 0.25050
C2                             0.24100 0.24500 0.26200 0.25200
B6                             0.24250 0.25200 0.25750 0.24800
B5                             0.24150 0.25200 0.25750 0.24900
B4                             0.24300 0.25100 0.25550 0.25050
B3                             0.23500 0.25450 0.25900 0.25150
B2                             0.23650 0.25500 0.25700 0.25150
B1                             0.24250 0.24900 0.25650 0.25200
A2                             0.24300 0.24700 0.25450 0.25550
A1                             0.23950 0.25000 0.25600 0.25450
Out2                           0.24650 0.25800 0.24600 0.24950
Out1                           0.24150 0.25800 0.26200 0.23850
Out3                           0.24650 0.26000 0.25050 0.24300
Out4                           0.24600 0.25450 0.24950 0.25000

Homogeneity statistic: X2 = 0.00400 G = 0.00401 

Average                        0.24129 0.25271 0.25594 0.25006

# constant sites:    891 (44.55%)
ln Lmax (unconstrained) = -9924.134215

Distances:  K80 (kappa)  (alpha set at 0.50)
This matrix is not used in later m.l. analysis.

C6               
C5                 0.0524( 0.8195)
C4                 0.0500( 1.2755)  0.0512( 0.9477)
C3                 0.0506( 1.0180)  0.0537( 0.7486)  0.0482( 1.0961)
C2                 0.2894( 1.1070)  0.2930( 1.1655)  0.2929( 1.1065)  0.2881( 0.9636)
B6                 0.0819( 0.8587)  0.0819( 0.8253)  0.0792( 0.9021)  0.0812( 0.7383)  0.3262( 1.0658)
B5                 0.0846( 1.0242)  0.0839( 0.8946)  0.0819( 1.1550)  0.0846( 0.9179)  0.3135( 1.0179)  0.0630( 0.9410)
B4                 0.0752( 1.1801)  0.0772( 1.0523)  0.0759( 1.2082)  0.0752( 1.0533)  0.3049( 1.0987)  0.0549( 1.1586)  0.0555( 0.9835)
B3                 0.0765( 1.0261)  0.0739( 0.8847)  0.0759( 1.0000)  0.0726( 0.8340)  0.3365( 1.0176)  0.0598( 0.7951)  0.0611( 0.8532)  0.0512( 1.0542)
B2                 0.0636( 1.1565)  0.0655( 0.9287)  0.0642( 1.0914)  0.0649( 0.9854)  0.3086( 1.0424)  0.0464( 0.8187)  0.0488( 0.9635)  0.0405( 1.2072)  0.0434( 0.8453)
B1                 0.0846( 0.9526)  0.0859( 0.8310)  0.0778( 1.0000)  0.0859( 0.9647)  0.3391( 1.0411)  0.0687( 0.8654)  0.0668( 1.0290)  0.0592( 0.9843)  0.0623( 0.8280)  0.0512( 0.8006)
A2                 0.0759( 1.2082)  0.0785( 0.8778)  0.0759( 1.2991)  0.0785( 0.9500)  0.2940( 0.9879)  0.0839( 1.0367)  0.0846( 1.1380)  0.0805( 1.1846)  0.0805( 1.0636)  0.0693( 1.1007)  0.0893( 1.0116)
A1                 0.0779( 1.2478)  0.0759( 1.1218)  0.0793( 1.4949)  0.0785( 1.1461)  0.3074( 1.0302)  0.0832( 1.2073)  0.0853( 1.3735)  0.0799( 1.4748)  0.0799( 1.3321)  0.0668( 1.3156)  0.0921( 1.2174)  0.0313( 1.3957)
Out2               0.8381( 1.0315)  0.8471( 1.1124)  0.8588( 1.0743)  0.8323( 0.9948)  1.0483( 1.0919)  0.8469( 0.9384)  0.8410( 1.0104)  0.8410( 0.9639)  0.8470( 0.9084)  0.8589( 0.9183)  0.8744( 0.8494)  0.8123( 1.0474)  0.8410( 1.0421)
Out1               0.8011( 0.9896)  0.7873( 1.0157)  0.7875( 0.9086)  0.7931( 0.8839)  1.0085( 0.9123)  0.8011( 0.9588)  0.7874( 1.0634)  0.7934( 1.1678)  0.8067( 1.0420)  0.7877( 0.8790)  0.7986( 0.8888)  0.7659( 0.9336)  0.7738( 0.9793)  0.5330( 0.9580)
Out3               0.8659( 0.7924)  0.8435( 0.7059)  0.8509( 0.8019)  0.8628( 0.7971)  1.0713( 0.6646)  0.8074( 0.8307)  0.8223( 0.7650)  0.8252( 0.7604)  0.8263( 0.6928)  0.8050( 0.7930)  0.8098( 0.6668)  0.8398( 0.6107)  0.8377( 0.7015)  1.1395( 0.7587)  1.0087( 1.1193)
Out4               0.8088( 0.7197)  0.8299( 0.5529)  0.7975( 0.5988)  0.7986( 0.6712)  1.0334( 0.9842)  0.7874( 0.5659)  0.8004( 0.7198)  0.8192( 0.6279)  0.8117( 0.5902)  0.8007( 0.5821)  0.8200( 0.5091)  0.7927( 0.5699)  0.7886( 0.6241)  1.0302( 1.1195)  0.9276( 1.1519)  0.5702( 1.1646)

TREE #  1:  ((((6, 7, 8, 9, 10, 11), (1, 2, 3, 4, 5), (13, 12)), (16, 17)), (14, 15));  MP score: 2853.00
lnL(ntime: 24  np: 26): -14073.332307    +0.000000
  18..19   19..20   20..21   21..6    21..7    21..8    21..9    21..10   21..11   20..22   22..1    22..2    22..3    22..4    22..5    20..23   23..13   23..12   19..24   24..16   24..17   18..25   25..14   25..15 
 0.140520 0.299267 0.011760 0.031037 0.031631 0.023868 0.025902 0.016314 0.034942 0.010300 0.025004 0.027082 0.023354 0.024411 0.272633 0.025351 0.015382 0.015756 0.311225 0.339703 0.277521 0.156116 0.351381 0.238833 0.999665 0.397226

tree length =   2.72929

((((B6, B5, B4, B3, B2, B1), (C6, C5, C4, C3, C2), (A1, A2)), (Out3, Out4)), (Out2, Out1));

((((B6: 0.03104, B5: 0.03163, B4: 0.02387, B3: 0.02590, B2: 0.01631, B1: 0.03494): 0.01176, (C6: 0.02500, C5: 0.02708, C4: 0.02335, C3: 0.02441, C2: 0.27263): 0.01030, (A1: 0.01538, A2: 0.01576): 0.02535): 0.29927, (Out3: 0.33970, Out4: 0.27752): 0.31122): 0.14052, (Out2: 0.35138, Out1: 0.23883): 0.15612);

Detailed output identifying parameters

Parameters (kappa) in the rate matrix (K80) (Yang 1994 J Mol Evol 39:105-111):
  0.99967

alpha (gamma, K=8) =  0.39723
rate:   0.00283  0.02981  0.10560  0.25377  0.51012  0.94640  1.75825  4.39323
freq:   0.12500  0.12500  0.12500  0.12500  0.12500  0.12500  0.12500  0.12500

