
BASEML (in paml version 4.7, January 2013)  gene14_ss2.phy  K80 dGamma (ncatG=8)
Frequencies..
                                    T      C      A      G
C5                             0.24650 0.27050 0.23400 0.24900
C4                             0.24200 0.27500 0.23800 0.24500
C3                             0.25200 0.27250 0.23850 0.23700
C2                             0.24450 0.26850 0.23550 0.25150
B6                             0.24050 0.26600 0.24150 0.25200
B5                             0.24150 0.26950 0.24150 0.24750
B4                             0.24250 0.26950 0.23900 0.24900
B3                             0.23950 0.27000 0.23950 0.25100
B2                             0.24300 0.27000 0.23500 0.25200
B1                             0.24100 0.26550 0.23900 0.25450
A2                             0.24750 0.27000 0.23650 0.24600
A1                             0.24650 0.27200 0.23550 0.24600
Out2                           0.24550 0.26600 0.23600 0.25250
Out1                           0.25250 0.25900 0.24100 0.24750
Out3                           0.26050 0.25900 0.24200 0.23850
Out4                           0.24350 0.26400 0.24650 0.24600

Homogeneity statistic: X2 = 0.00505 G = 0.00505 

Average                        0.24556 0.26794 0.23869 0.24781

# constant sites:    901 (45.05%)
ln Lmax (unconstrained) = -9956.926300

Distances:  K80 (kappa)  (alpha set at 0.50)
This matrix is not used in later m.l. analysis.

C5               
C4                 0.0537( 1.5166)
C3                 0.2942( 1.1988)  0.3069( 1.4211)
C2                 0.0452( 0.8502)  0.0611( 1.4579)  0.2968( 1.2667)
B6                 0.0792( 0.9381)  0.0867( 1.3835)  0.3212( 1.1862)  0.0812( 0.9392)
B5                 0.0772( 1.2199)  0.0861( 1.5900)  0.3090( 1.2767)  0.0798( 1.0771)  0.0574( 1.3014)
B4                 0.0785( 1.1050)  0.0840( 1.5032)  0.3241( 1.3133)  0.0792( 1.0513)  0.0580( 1.3375)  0.0525( 1.5761)
B3                 0.0859( 1.1107)  0.0908( 1.3694)  0.3252( 1.2650)  0.0859( 1.1107)  0.0623( 1.1929)  0.0568( 1.3846)  0.0513( 1.5646)
B2                 0.0785( 0.8778)  0.0866( 1.2552)  0.3187( 1.1802)  0.0819( 0.9277)  0.0580( 1.0161)  0.0561( 1.0673)  0.0537( 1.3831)  0.0555( 1.3103)
B1                 0.0752( 0.8619)  0.0779( 1.2929)  0.3202( 1.2938)  0.0752( 1.0132)  0.0543( 0.8702)  0.0536( 0.9830)  0.0530( 1.1632)  0.0555( 1.1389)  0.0524( 0.8195)
A2                 0.0812( 1.1696)  0.0936( 1.3063)  0.3314( 1.1334)  0.0846( 0.9880)  0.0900( 1.1442)  0.0820( 1.4649)  0.0860( 1.4464)  0.0922( 1.3790)  0.0846( 0.9880)  0.0852( 1.0486)
A1                 0.0825( 0.9878)  0.0963( 1.1733)  0.3314( 1.1334)  0.0873( 0.8756)  0.0893( 1.0469)  0.0833( 1.4271)  0.0887( 1.3763)  0.0943( 1.2913)  0.0880( 0.8981)  0.0839( 0.8610)  0.0274( 0.8830)
Out2               0.8447( 0.8257)  0.8239( 0.9035)  0.9702( 1.0318)  0.8679( 0.9033)  0.8208( 0.9690)  0.8266( 1.0688)  0.8295( 1.0796)  0.8209( 1.0634)  0.8123( 0.9537)  0.8039( 1.0000)  0.8101( 0.8402)  0.8104( 0.8117)
Out1               0.9174( 1.0369)  0.8985( 1.0691)  1.0203( 1.2222)  0.9569( 1.1021)  0.8838( 1.1968)  0.9187( 1.2378)  0.8811( 1.2373)  0.9160( 1.2790)  0.8808( 1.2025)  0.8659( 1.2312)  0.8960( 1.1742)  0.9223( 1.2673)  0.5779( 1.0425)
Out3               0.8564( 1.1795)  0.8536( 1.2023)  1.0300( 1.0862)  0.8834( 1.1459)  0.9087( 1.1857)  0.8654( 1.1796)  0.8863( 1.1237)  0.8838( 1.1968)  0.8647( 1.0475)  0.8353( 1.0850)  0.8472( 1.1290)  0.8505( 1.1738)  1.0518( 0.9894)  1.0824( 0.8864)
Out4               0.8095( 0.9742)  0.8265( 1.0368)  1.0123( 0.8773)  0.8410( 0.9639)  0.8325( 1.1068)  0.8410( 1.0262)  0.7983( 0.9948)  0.8266( 0.9284)  0.8042( 1.1122)  0.8068( 1.0741)  0.7846( 0.9896)  0.7956( 1.0000)  1.0303( 1.5746)  0.9909( 1.0641)  0.5128( 1.1323)

TREE #  1:  ((((5, 6, 7, 8, 9, 10), (1, 2, 3, 4), (12, 11)), (15, 16)), (13, 14));  MP score: 2854.00
lnL(ntime: 23  np: 25): -13961.240475    +0.000000
  17..18   18..19   19..20   20..5    20..6    20..7    20..8    20..9    20..10   19..21   21..1    21..2    21..3    21..4    19..22   22..12   22..11   18..23   23..15   23..16   17..24   24..13   24..14 
 0.167285 0.342656 0.012808 0.030320 0.026977 0.024239 0.029124 0.027009 0.025407 0.014439 0.020502 0.033631 0.279208 0.024201 0.032287 0.014515 0.012629 0.334038 0.331232 0.240331 0.158508 0.297828 0.366333 1.146324 0.383738

tree length =   2.84550

((((B6, B5, B4, B3, B2, B1), (C5, C4, C3, C2), (A1, A2)), (Out3, Out4)), (Out2, Out1));

((((B6: 0.03032, B5: 0.02698, B4: 0.02424, B3: 0.02912, B2: 0.02701, B1: 0.02541): 0.01281, (C5: 0.02050, C4: 0.03363, C3: 0.27921, C2: 0.02420): 0.01444, (A1: 0.01452, A2: 0.01263): 0.03229): 0.34266, (Out3: 0.33123, Out4: 0.24033): 0.33404): 0.16729, (Out2: 0.29783, Out1: 0.36633): 0.15851);

Detailed output identifying parameters

Parameters (kappa) in the rate matrix (K80) (Yang 1994 J Mol Evol 39:105-111):
  1.14632

alpha (gamma, K=8) =  0.38374
rate:   0.00236  0.02652  0.09777  0.24125  0.49449  0.93164  1.75407  4.45191
freq:   0.12500  0.12500  0.12500  0.12500  0.12500  0.12500  0.12500  0.12500

