
BASEML (in paml version 4.7, January 2013)  gene4_ss1.phy  K80 dGamma (ncatG=8)
Frequencies..
                                    T      C      A      G
C6                             0.26100 0.23000 0.25200 0.25700
C5                             0.26500 0.23200 0.25150 0.25150
C4                             0.26550 0.22400 0.25150 0.25900
C3                             0.25300 0.24850 0.25050 0.24800
C2                             0.25800 0.23350 0.25500 0.25350
B6                             0.25900 0.23800 0.24900 0.25400
B5                             0.26000 0.23500 0.25050 0.25450
B4                             0.25800 0.23100 0.25500 0.25600
B3                             0.25700 0.23450 0.25300 0.25550
B2                             0.25950 0.23650 0.24700 0.25700
B1                             0.25700 0.23300 0.25350 0.25650
A2                             0.25550 0.23400 0.25100 0.25950
A1                             0.25900 0.23400 0.24950 0.25750
Out2                           0.26350 0.23950 0.24150 0.25550
Out1                           0.26050 0.23550 0.24550 0.25850
Out3                           0.25700 0.24100 0.26400 0.23800
Out4                           0.26000 0.23350 0.26000 0.24650

Homogeneity statistic: X2 = 0.00605 G = 0.00606 

Average                        0.25932 0.23491 0.25176 0.25400

# constant sites:    877 (43.85%)
ln Lmax (unconstrained) = -10191.303155

Distances:  K80 (kappa)  (alpha set at 0.50)
This matrix is not used in later m.l. analysis.

C6               
C5                 0.0500( 0.7350)
C4                 0.2744( 1.1765)  0.2698( 1.1232)
C3                 0.2800( 0.8979)  0.2709( 0.9085)  0.4622( 1.1461)
C2                 0.2755( 0.8510)  0.2722( 0.7830)  0.4785( 1.3653)  0.4722( 0.9156)
B6                 0.0839( 1.0000)  0.0839( 1.0000)  0.2967( 1.2253)  0.2988( 0.9820)  0.3013( 0.9004)
B5                 0.0739( 1.0000)  0.0765( 0.8054)  0.2953( 1.1321)  0.3025( 0.9820)  0.2929( 0.9579)  0.0549( 1.0000)
B4                 0.0765( 1.0261)  0.0785( 1.0256)  0.2953( 1.1321)  0.2977( 1.1188)  0.2917( 1.0938)  0.0555( 1.3715)  0.0488( 1.1962)
B3                 0.0745( 0.9102)  0.0785( 0.8429)  0.2894( 1.1662)  0.2953( 0.8940)  0.2989( 1.0740)  0.0561( 0.9197)  0.0494( 0.7479)  0.0518( 1.0904)
B2                 0.0866( 0.8859)  0.0887( 0.8241)  0.3050( 1.1566)  0.3025( 1.0550)  0.3111( 0.9241)  0.0598( 0.7951)  0.0549( 0.5665)  0.0598( 0.9690)  0.0593( 0.5767)
B1                 0.0759( 1.1644)  0.0765( 1.0261)  0.2882( 1.0942)  0.2952( 1.0183)  0.2905( 1.0061)  0.0500( 1.2755)  0.0446( 1.1677)  0.0464( 1.4388)  0.0470( 1.0192)  0.0549( 0.7246)
A2                 0.0693( 1.1007)  0.0687( 0.9046)  0.2859( 1.1670)  0.2870( 0.9878)  0.2858( 1.0498)  0.0792( 1.2592)  0.0719( 1.1269)  0.0721( 1.6329)  0.0732( 1.1397)  0.0805( 1.0636)  0.0688( 1.4667)
A1                 0.0719( 1.0000)  0.0732( 0.8964)  0.2836( 1.1608)  0.2941( 0.9344)  0.2846( 0.9817)  0.0825( 0.9517)  0.0765( 0.9490)  0.0739( 1.3542)  0.0805( 0.9150)  0.0873( 0.7808)  0.0739( 1.2585)  0.0225( 1.7754)
Out2               0.7281( 1.2424)  0.7298( 1.1177)  0.8770( 1.0907)  0.8707( 0.9741)  0.9469( 1.1021)  0.7328( 1.1962)  0.7402( 1.1622)  0.7276( 1.1735)  0.7398( 1.0473)  0.7034( 1.2661)  0.7224( 1.1510)  0.7273( 1.1232)  0.7171( 1.0314)
Out1               0.8014( 0.8986)  0.8074( 0.8307)  0.9569( 0.9127)  0.9984( 0.8528)  0.9601( 0.9533)  0.7819( 0.6845)  0.7978( 0.7109)  0.7784( 0.7290)  0.8075( 0.8164)  0.7784( 0.7290)  0.7911( 0.8024)  0.7854( 0.8260)  0.7777( 0.7838)  0.4861( 1.1333)
Out3               0.7328( 0.8214)  0.7529( 0.8987)  0.9435( 1.0585)  0.9152( 0.8154)  0.9601( 1.0478)  0.7605( 0.9896)  0.7455( 0.8404)  0.7501( 0.9487)  0.7476( 0.9236)  0.7554( 0.9386)  0.7424( 0.9487)  0.7373( 0.9136)  0.7351( 0.8597)  0.8561( 0.8787)  0.9061( 0.6304)
Out4               0.7428( 1.1565)  0.7442( 1.3315)  0.8469( 1.0635)  0.9341( 0.8585)  0.9567( 1.0531)  0.7424( 1.0580)  0.7450( 1.0687)  0.7660( 1.0903)  0.7323( 0.9086)  0.7347( 1.0580)  0.7528( 1.0687)  0.7275( 0.8597)  0.7450( 0.9136)  0.9187( 0.7964)  0.8848( 0.6097)  0.4629( 1.3100)

TREE #  1:  ((((6, 7, 8, 9, 10, 11), (1, 2, 3, 4, 5), (13, 12)), (16, 17)), (14, 15));  MP score: 3263.00
lnL(ntime: 24  np: 26): -15381.743476    +0.000000
  18..19   19..20   20..21   21..6    21..7    21..8    21..9    21..10   21..11   20..22   22..1    22..2    22..3    22..4    22..5    20..23   23..13   23..12   19..24   24..16   24..17   18..25   25..14   25..15 
 0.097456 0.287108 0.015762 0.030355 0.022100 0.025417 0.024832 0.031917 0.021094 0.011064 0.023801 0.025272 0.239583 0.249627 0.246914 0.022709 0.013197 0.009174 0.242478 0.248971 0.238580 0.167362 0.234171 0.281008 1.000237 0.411948

tree length =   2.80995

((((B6, B5, B4, B3, B2, B1), (C6, C5, C4, C3, C2), (A1, A2)), (Out3, Out4)), (Out2, Out1));

((((B6: 0.03036, B5: 0.02210, B4: 0.02542, B3: 0.02483, B2: 0.03192, B1: 0.02109): 0.01576, (C6: 0.02380, C5: 0.02527, C4: 0.23958, C3: 0.24963, C2: 0.24691): 0.01106, (A1: 0.01320, A2: 0.00917): 0.02271): 0.28711, (Out3: 0.24897, Out4: 0.23858): 0.24248): 0.09746, (Out2: 0.23417, Out1: 0.28101): 0.16736);

Detailed output identifying parameters

Parameters (kappa) in the rate matrix (K80) (Yang 1994 J Mol Evol 39:105-111):
  1.00024

alpha (gamma, K=8) =  0.41195
rate:   0.00340  0.03355  0.11416  0.26709  0.52640  0.96139  1.76194  4.33208
freq:   0.12500  0.12500  0.12500  0.12500  0.12500  0.12500  0.12500  0.12500

