
BASEML (in paml version 4.7, January 2013)  gene3_ss0.phy  K80 dGamma (ncatG=8)
Frequencies..
                                    T      C      A      G
C6                             0.23000 0.26600 0.26250 0.24150
C5                             0.23100 0.26650 0.26350 0.23900
C4                             0.23350 0.26300 0.25150 0.25200
C3                             0.23200 0.24750 0.26900 0.25150
C2                             0.24150 0.25550 0.25600 0.24700
C1                             0.23800 0.26300 0.25500 0.24400
B6                             0.23150 0.26200 0.25700 0.24950
B5                             0.23350 0.26150 0.25850 0.24650
B4                             0.23350 0.26200 0.26150 0.24300
B3                             0.22950 0.26400 0.25700 0.24950
B2                             0.23750 0.26250 0.25700 0.24300
B1                             0.23450 0.26250 0.26000 0.24300
A2                             0.22700 0.26750 0.25700 0.24850
A1                             0.22900 0.26300 0.25850 0.24950
Out2                           0.24750 0.24700 0.24950 0.25600
Out1                           0.25100 0.24750 0.25900 0.24250
Out3                           0.24000 0.24550 0.25900 0.25550
Out4                           0.22700 0.26200 0.25200 0.25900

Homogeneity statistic: X2 = 0.01023 G = 0.01023 

Average                        0.23486 0.25936 0.25797 0.24781

# constant sites:    866 (43.30%)
ln Lmax (unconstrained) = -10293.243062

Distances:  K80 (kappa)  (alpha set at 0.50)
This matrix is not used in later m.l. analysis.

C6               
C5                 0.0452( 1.1441)
C4                 0.2522( 0.8113)  0.2675( 0.9261)
C3                 0.2800( 1.0062)  0.2858( 0.9044)  0.4689( 0.8950)
C2                 0.2619( 1.0514)  0.2835( 1.1209)  0.4721( 0.9946)  0.5090( 0.9319)
C1                 0.2619( 0.9748)  0.2765( 1.0062)  0.4740( 0.8800)  0.5090( 1.0269)  0.4915( 1.2031)
B6                 0.0772( 1.0129)  0.0832( 0.9055)  0.2943( 0.7831)  0.3173( 0.8963)  0.3199( 1.1160)  0.3186( 0.9246)
B5                 0.0799( 1.3321)  0.0853( 1.4187)  0.2976( 1.0061)  0.3185( 0.9590)  0.3191( 1.3220)  0.3049( 1.0242)  0.0598( 1.2174)
B4                 0.0726( 0.9866)  0.0772( 1.0523)  0.2883( 0.8254)  0.3086( 1.0608)  0.3049( 1.0798)  0.2964( 1.0306)  0.0537( 0.7486)  0.0549( 1.3964)
B3                 0.0746( 1.1522)  0.0772( 1.2199)  0.2778( 0.8232)  0.3148( 1.0852)  0.3099( 1.1299)  0.2989( 0.9464)  0.0512( 1.1102)  0.0563( 1.9110)  0.0494( 1.0000)
B2                 0.0649( 1.2198)  0.0726( 1.2467)  0.2754( 0.8856)  0.2846( 1.0562)  0.2978( 1.1778)  0.2893( 1.0877)  0.0452( 1.0198)  0.0507( 1.5963)  0.0440( 0.9408)  0.0399( 1.3127)
B1                 0.0661( 1.0000)  0.0693( 0.9317)  0.2801( 0.8293)  0.3001( 0.9232)  0.3037( 0.9761)  0.3013( 0.9175)  0.0441( 0.6281)  0.0500( 1.4088)  0.0399( 0.7768)  0.0429( 1.1064)  0.0382( 0.9552)
A2                 0.0726( 1.1554)  0.0812( 1.2113)  0.2990( 0.8274)  0.3061( 0.9644)  0.2953( 0.9462)  0.3001( 1.0677)  0.0713( 0.9729)  0.0792( 1.2592)  0.0713( 1.0556)  0.0726( 1.2004)  0.0668( 1.0735)  0.0636( 0.8440)
A1                 0.0726( 1.2004)  0.0806( 1.3148)  0.2918( 0.8764)  0.3037( 0.9940)  0.3001( 1.0490)  0.3049( 0.9880)  0.0732( 0.9345)  0.0772( 1.1340)  0.0719( 1.0412)  0.0713( 1.0986)  0.0642( 1.0000)  0.0611( 0.8532)  0.0252( 1.3266)
Out2               0.7184( 1.2837)  0.7652( 1.3375)  0.9145( 1.1073)  0.8801( 0.8983)  0.9080( 1.0691)  0.8929( 1.1798)  0.7792( 1.0314)  0.7516( 1.2954)  0.7722( 1.2306)  0.7694( 1.2191)  0.7501( 1.0580)  0.7322( 1.0795)  0.7255( 1.2307)  0.7358( 1.2599)
Out1               0.7027( 0.8644)  0.7048( 0.9487)  0.8708( 0.9283)  0.8557( 1.0315)  0.8683( 0.8446)  0.8647( 0.9536)  0.7432( 0.8026)  0.7475( 0.9845)  0.7273( 0.8889)  0.7195( 0.9793)  0.7047( 0.9639)  0.7308( 0.7701)  0.7246( 0.9386)  0.7023( 0.9537)  0.4877( 0.9471)
Out3               0.7734( 1.3558)  0.7837( 1.3133)  0.9370( 1.3891)  0.9087( 1.1857)  0.9727( 1.3224)  0.9174( 1.0369)  0.7825( 1.1734)  0.7462( 1.2716)  0.7648( 1.3013)  0.7597( 1.3133)  0.7459( 1.2365)  0.7327( 1.1791)  0.7455( 1.1847)  0.7335( 1.2835)  0.9667( 0.9895)  0.9343( 1.1746)
Out4               0.7533( 1.1847)  0.7665( 1.1904)  0.8960( 0.8443)  0.9780( 1.2039)  1.0100( 0.7806)  0.9087( 1.1857)  0.7584( 1.1565)  0.7795( 1.1287)  0.7847( 1.0687)  0.7351( 1.1566)  0.7580( 1.0741)  0.7453( 1.1509)  0.7403( 1.1791)  0.7276( 1.1735)  0.8834( 0.8638)  0.9535( 1.0911)  0.4912( 1.0821)

TREE #  1:  ((15, 16), (((1, 2, 3, 4, 5, 6), (7, 8, 9, 10, 11, 12), (14, 13)), (17, 18)));  MP score: 3602.00
lnL(ntime: 25  np: 27): -16365.561292    +0.000000
  19..20   20..15   20..16   19..21   21..22   22..23   23..1    23..2    23..3    23..4    23..5    23..6    22..24   24..7    24..8    24..9    24..10   24..11   24..12   22..25   25..14   25..13   21..26   26..17   26..18 
 0.148266 0.281381 0.256018 0.137084 0.267873 0.018237 0.017604 0.026594 0.242610 0.268869 0.258832 0.255031 0.011072 0.027728 0.031185 0.023922 0.023417 0.019155 0.017525 0.022913 0.011906 0.013147 0.286156 0.276382 0.279513 1.042848 0.386702

tree length =   3.22242

((Out2, Out1), (((C6, C5, C4, C3, C2, C1), (B6, B5, B4, B3, B2, B1), (A1, A2)), (Out3, Out4)));

((Out2: 0.28138, Out1: 0.25602): 0.14827, (((C6: 0.01760, C5: 0.02659, C4: 0.24261, C3: 0.26887, C2: 0.25883, C1: 0.25503): 0.01824, (B6: 0.02773, B5: 0.03118, B4: 0.02392, B3: 0.02342, B2: 0.01915, B1: 0.01753): 0.01107, (A1: 0.01191, A2: 0.01315): 0.02291): 0.26787, (Out3: 0.27638, Out4: 0.27951): 0.28616): 0.13708);

Detailed output identifying parameters

Parameters (kappa) in the rate matrix (K80) (Yang 1994 J Mol Evol 39:105-111):
  1.04285

alpha (gamma, K=8) =  0.38670
rate:   0.00245  0.02723  0.09948  0.24403  0.49799  0.93497  1.75506  4.43879
freq:   0.12500  0.12500  0.12500  0.12500  0.12500  0.12500  0.12500  0.12500

