
BASEML (in paml version 4.7, January 2013)  gene6_ss0.phy  K80 dGamma (ncatG=8)
Frequencies..
                                    T      C      A      G
C6                             0.24800 0.25250 0.24900 0.25050
C5                             0.25400 0.24650 0.25100 0.24850
C4                             0.24650 0.25050 0.25300 0.25000
C3                             0.24750 0.25200 0.25000 0.25050
C2                             0.24700 0.24750 0.24600 0.25950
C1                             0.24400 0.25350 0.25350 0.24900
B6                             0.24450 0.25150 0.25650 0.24750
B5                             0.24250 0.24700 0.25650 0.25400
B4                             0.24650 0.24950 0.25200 0.25200
B3                             0.24700 0.24700 0.25400 0.25200
B2                             0.24600 0.24800 0.25450 0.25150
B1                             0.25000 0.25100 0.25050 0.24850
A2                             0.25000 0.24700 0.24800 0.25500
A1                             0.24550 0.24750 0.25050 0.25650
Out2                           0.24350 0.25700 0.24050 0.25900
Out1                           0.25300 0.25600 0.23650 0.25450
Out3                           0.24750 0.25350 0.24050 0.25850
Out4                           0.24800 0.25850 0.22950 0.26400

Homogeneity statistic: X2 = 0.00665 G = 0.00668 

Average                        0.24728 0.25089 0.24844 0.25339

# constant sites:    888 (44.40%)
ln Lmax (unconstrained) = -10107.360576

Distances:  K80 (kappa)  (alpha set at 0.50)
This matrix is not used in later m.l. analysis.

C6               
C5                 0.2621( 1.2582)
C4                 0.0530( 0.9491)  0.2623( 1.3248)
C3                 0.0488( 1.1962)  0.2544( 1.2468)  0.0561( 1.0166)
C2                 0.2556( 1.2610)  0.4720( 1.4318)  0.2543( 1.1820)  0.2577( 1.2454)
C1                 0.0470( 1.2028)  0.2601( 1.3185)  0.0512( 0.9477)  0.0476( 1.2437)  0.2472( 1.4206)
B6                 0.0819( 1.1148)  0.2859( 1.1873)  0.0859( 1.0730)  0.0832( 1.2491)  0.2800( 1.0438)  0.0819( 1.1148)
B5                 0.0792( 1.0513)  0.2836( 1.1810)  0.0893( 1.0830)  0.0799( 1.2429)  0.2909( 1.3043)  0.0785( 1.0256)  0.0567( 1.1542)
B4                 0.0760( 1.4962)  0.2758( 1.3181)  0.0812( 1.2113)  0.0760( 1.4962)  0.2743( 1.1358)  0.0759( 1.2991)  0.0476( 1.2437)  0.0519( 1.7631)
B3                 0.0792( 1.1730)  0.2854( 1.4333)  0.0887( 1.2506)  0.0772( 1.3573)  0.2791( 1.2731)  0.0773( 1.4550)  0.0592( 1.1315)  0.0617( 1.2118)  0.0555( 1.5004)
B2                 0.0693( 1.0140)  0.2700( 1.2913)  0.0765( 1.0261)  0.0726( 1.0688)  0.2721( 1.1909)  0.0687( 0.9860)  0.0446( 0.9224)  0.0458( 1.1855)  0.0394( 1.1878)  0.0482( 1.0378)
B1                 0.0887( 0.9206)  0.2874( 1.3274)  0.0928( 0.8912)  0.0886( 0.9884)  0.2906( 1.1198)  0.0852( 0.9413)  0.0630( 0.9410)  0.0630( 0.9850)  0.0586( 1.0985)  0.0655( 0.8875)  0.0518( 0.7420)
A2                 0.0739( 1.3057)  0.2874( 1.3274)  0.0792( 1.3039)  0.0779( 1.3865)  0.2723( 1.2758)  0.0739( 1.3057)  0.0779( 1.3391)  0.0813( 1.4360)  0.0733( 1.4241)  0.0786( 1.4650)  0.0674( 1.2456)  0.0907( 1.0942)
A1                 0.0740( 1.4040)  0.2793( 1.3609)  0.0786( 1.3680)  0.0773( 1.4550)  0.2700( 1.2913)  0.0726( 1.3430)  0.0766( 1.2816)  0.0786( 1.4158)  0.0713( 1.4341)  0.0773( 1.6119)  0.0662( 1.2836)  0.0907( 1.0942)  0.0230( 0.9303)
Out2               0.8738( 1.0636)  0.9841( 1.1079)  0.8468( 0.9844)  0.8803( 0.8687)  1.0783( 1.0647)  0.8618( 0.9283)  0.8558( 0.9536)  0.8677( 0.9485)  0.8588( 0.9334)  0.8352( 0.9435)  0.8647( 1.0475)  0.8677( 0.9638)  0.8294( 0.9537)  0.8355( 0.8837)
Out1               0.8324( 1.0905)  0.9021( 1.1461)  0.8296( 1.0959)  0.8354( 1.1014)  0.9810( 1.1469)  0.8471( 1.1124)  0.8649( 1.0960)  0.8441( 1.1014)  0.8502( 1.1401)  0.8353( 1.0850)  0.8444( 1.1512)  0.8325( 1.1068)  0.8042( 1.1288)  0.8154( 1.1068)  0.5350( 0.8919)
Out3               0.7907( 0.8451)  0.9206( 1.0158)  0.7780( 0.7562)  0.7880( 0.8356)  0.9807( 1.1134)  0.7720( 0.8072)  0.7767( 1.0849)  0.7901( 0.9639)  0.7632( 0.9691)  0.7824( 0.8596)  0.7847( 0.9588)  0.7874( 1.0634)  0.7535( 0.8119)  0.7691( 0.8404)  0.9284( 1.2380)  1.0119( 1.0319)
Out4               0.8509( 0.8019)  0.9634( 1.0105)  0.8407( 0.6971)  0.8534( 0.8399)  1.0050( 0.9174)  0.8512( 0.7739)  0.8208( 0.9537)  0.8405( 0.7104)  0.8078( 0.7883)  0.8422( 0.7880)  0.8167( 0.7605)  0.8385( 0.8642)  0.8075( 0.8164)  0.8307( 0.7788)  1.0231( 0.8771)  0.9677( 0.8242)  0.4825( 0.9006)

TREE #  1:  ((15, 16), (((1, 2, 3, 4, 5, 6), (7, 8, 9, 10, 11, 12), (14, 13)), (17, 18)));  MP score: 3085.00
lnL(ntime: 25  np: 27): -14926.475147    +0.000000
  19..20   20..15   20..16   19..21   21..22   22..23   23..1    23..2    23..3    23..4    23..5    23..6    22..24   24..7    24..8    24..9    24..10   24..11   24..12   22..25   25..14   25..13   21..26   26..17   26..18 
 0.116625 0.299887 0.272842 0.168844 0.323263 0.013343 0.024132 0.230248 0.028508 0.024281 0.224755 0.021065 0.013678 0.027029 0.028057 0.024216 0.029675 0.016248 0.034246 0.023384 0.010491 0.011981 0.278128 0.236621 0.277285 1.075224 0.407240

tree length =   2.75883

((Out2, Out1), (((C6, C5, C4, C3, C2, C1), (B6, B5, B4, B3, B2, B1), (A1, A2)), (Out3, Out4)));

((Out2: 0.29989, Out1: 0.27284): 0.11662, (((C6: 0.02413, C5: 0.23025, C4: 0.02851, C3: 0.02428, C2: 0.22475, C1: 0.02106): 0.01334, (B6: 0.02703, B5: 0.02806, B4: 0.02422, B3: 0.02967, B2: 0.01625, B1: 0.03425): 0.01368, (A1: 0.01049, A2: 0.01198): 0.02338): 0.32326, (Out3: 0.23662, Out4: 0.27729): 0.27813): 0.16884);

Detailed output identifying parameters

Parameters (kappa) in the rate matrix (K80) (Yang 1994 J Mol Evol 39:105-111):
  1.07522

alpha (gamma, K=8) =  0.40724
rate:   0.00321  0.03233  0.11142  0.26287  0.52128  0.95671  1.76085  4.35132
freq:   0.12500  0.12500  0.12500  0.12500  0.12500  0.12500  0.12500  0.12500

