
BASEML (in paml version 4.7, January 2013)  gene20_ss0.phy  K80 dGamma (ncatG=8)
Frequencies..
                                    T      C      A      G
C6                             0.23900 0.24400 0.25950 0.25750
C5                             0.23150 0.24300 0.26500 0.26050
C4                             0.22850 0.24600 0.26350 0.26200
C3                             0.24650 0.25000 0.25200 0.25150
C2                             0.23300 0.24500 0.26250 0.25950
C1                             0.23150 0.24700 0.26050 0.26100
B6                             0.23450 0.24300 0.26500 0.25750
B5                             0.23500 0.24600 0.25700 0.26200
B4                             0.23650 0.24200 0.26300 0.25850
B3                             0.23400 0.24200 0.26100 0.26300
B2                             0.23550 0.24100 0.26300 0.26050
B1                             0.23850 0.23800 0.26250 0.26100
A2                             0.24350 0.23800 0.26000 0.25850
A1                             0.24150 0.24250 0.25900 0.25700
Out2                           0.25450 0.22750 0.26050 0.25750
Out1                           0.24700 0.23900 0.24500 0.26900
Out3                           0.24000 0.24000 0.24850 0.27150
Out4                           0.23550 0.24700 0.25450 0.26300

Homogeneity statistic: X2 = 0.00814 G = 0.00815 

Average                        0.23811 0.24228 0.25900 0.26061

# constant sites:    895 (44.75%)
ln Lmax (unconstrained) = -10133.059914

Distances:  K80 (kappa)  (alpha set at 0.50)
This matrix is not used in later m.l. analysis.

C6               
C5                 0.4219( 1.0845)
C4                 0.2473( 1.4450)  0.2333( 1.2719)
C3                 0.4511( 1.2614)  0.4298( 1.7007)  0.2678( 1.2850)
C2                 0.2436( 1.1926)  0.2479( 1.2275)  0.0549( 1.0511)  0.2578( 1.3121)
C1                 0.4517( 1.3761)  0.4474( 1.4776)  0.2682( 1.4687)  0.4800( 1.3395)  0.2691( 1.3665)
B6                 0.2686( 1.1100)  0.2556( 1.3057)  0.0726( 1.2942)  0.2870( 1.1401)  0.0759( 1.1218)  0.2815( 1.2793)
B5                 0.2800( 0.9877)  0.2576( 1.1392)  0.0812( 0.7383)  0.2966( 1.1847)  0.0825( 0.8153)  0.2918( 1.1327)  0.0458( 0.8342)
B4                 0.2586( 0.9560)  0.2521( 1.1335)  0.0745( 0.9480)  0.2894( 1.1265)  0.0759( 0.8869)  0.2823( 1.0500)  0.0394( 1.5158)  0.0470( 0.8036)
B3                 0.2720( 1.1295)  0.2643( 1.2214)  0.0812( 1.0124)  0.3001( 1.1444)  0.0792( 1.1314)  0.3052( 1.2366)  0.0446( 1.1027)  0.0518( 0.7420)  0.0476( 1.0576)
B2                 0.2676( 1.1782)  0.2631( 1.1864)  0.0739( 1.2585)  0.2943( 1.2191)  0.0752( 1.0945)  0.2872( 1.2212)  0.0365( 1.4305)  0.0488( 0.7148)  0.0411( 1.1805)  0.0470( 0.9076)
B1                 0.2765( 0.9330)  0.2675( 1.1169)  0.0778( 0.9251)  0.2929( 1.1260)  0.0819( 0.8928)  0.2873( 1.2630)  0.0417( 0.9584)  0.0507( 0.5546)  0.0470( 0.8547)  0.0494( 0.7479)  0.0464( 0.8187)
A2                 0.2800( 1.0062)  0.2720( 1.1295)  0.0832( 1.1265)  0.3037( 1.0488)  0.0812( 0.8692)  0.2965( 1.1254)  0.0642( 1.0914)  0.0694( 0.8536)  0.0623( 1.1929)  0.0706( 0.9065)  0.0668( 1.0290)  0.0643( 0.7543)
A1                 0.2698( 1.1434)  0.2778( 1.1351)  0.0825( 1.1406)  0.3013( 1.0801)  0.0805( 0.8800)  0.2906( 1.1593)  0.0649( 1.0752)  0.0726( 0.7289)  0.0630( 1.0770)  0.0700( 0.9190)  0.0668( 0.9857)  0.0668( 0.8237)  0.0236( 0.7152)
Out2               0.9305( 1.0964)  0.9303( 1.0158)  0.7798( 1.1791)  0.9538( 0.8730)  0.8067( 1.0104)  0.9240( 1.0909)  0.7779( 1.2716)  0.7802( 1.2306)  0.7613( 1.2018)  0.7784( 1.3254)  0.7758( 1.3314)  0.7528( 1.0687)  0.7476( 1.0795)  0.7556( 1.1287)
Out1               0.9388( 1.2914)  0.8803( 1.1347)  0.7358( 1.2599)  0.9386( 1.4846)  0.7639( 1.1961)  0.9023( 1.1799)  0.7444( 1.5474)  0.7564( 1.4753)  0.7329( 1.4563)  0.7614( 1.4624)  0.7433( 1.4690)  0.7571( 1.3194)  0.7469( 1.3437)  0.7413( 1.5145)  0.4604( 0.9361)
Out3               0.7765( 0.9588)  0.7847( 0.9436)  0.6807( 1.0157)  0.8847( 1.2844)  0.6807( 1.0315)  0.8301( 1.1793)  0.6856( 0.9135)  0.6332( 0.8494)  0.6577( 0.8837)  0.6598( 0.9690)  0.6529( 1.0157)  0.6979( 0.8451)  0.6514( 0.7974)  0.6444( 0.8399)  0.8533( 1.1513)  0.8651( 1.1291)
Out4               0.8657( 0.8065)  0.8422( 0.6318)  0.7462( 0.6160)  0.9408( 0.8487)  0.7086( 0.6034)  0.9077( 0.6914)  0.7250( 0.6500)  0.7192( 0.6979)  0.7159( 0.7563)  0.7263( 0.7246)  0.6973( 0.6846)  0.7238( 0.5910)  0.6932( 0.6413)  0.6831( 0.6714)  0.9402( 0.9229)  0.9420( 1.2855)  0.4523( 0.8689)

TREE #  1:  ((15, 16), (((1, 2, 3, 4, 5, 6), (7, 8, 9, 10, 11, 12), (14, 13)), (17, 18)));  MP score: 3494.00
lnL(ntime: 25  np: 27): -16066.802429    +0.000000
  19..20   20..15   20..16   19..21   21..22   22..23   23..1    23..2    23..3    23..4    23..5    23..6    22..24   24..7    24..8    24..9    24..10   24..11   24..12   22..25   25..14   25..13   21..26   26..17   26..18 
 0.211338 0.262966 0.235567 0.126357 0.251763 0.018009 0.214993 0.209258 0.026722 0.235676 0.026277 0.234133 0.007744 0.017462 0.026440 0.021637 0.024234 0.020070 0.022656 0.022785 0.011422 0.011196 0.255152 0.199520 0.275519 1.074124 0.383869

tree length =   2.96890

((Out2, Out1), (((C6, C5, C4, C3, C2, C1), (B6, B5, B4, B3, B2, B1), (A1, A2)), (Out3, Out4)));

((Out2: 0.26297, Out1: 0.23557): 0.21134, (((C6: 0.21499, C5: 0.20926, C4: 0.02672, C3: 0.23568, C2: 0.02628, C1: 0.23413): 0.01801, (B6: 0.01746, B5: 0.02644, B4: 0.02164, B3: 0.02423, B2: 0.02007, B1: 0.02266): 0.00774, (A1: 0.01142, A2: 0.01120): 0.02278): 0.25176, (Out3: 0.19952, Out4: 0.27552): 0.25515): 0.12636);

Detailed output identifying parameters

Parameters (kappa) in the rate matrix (K80) (Yang 1994 J Mol Evol 39:105-111):
  1.07412

alpha (gamma, K=8) =  0.38387
rate:   0.00236  0.02656  0.09784  0.24137  0.49464  0.93179  1.75411  4.45133
freq:   0.12500  0.12500  0.12500  0.12500  0.12500  0.12500  0.12500  0.12500

